    90          -0          -0           0
    90       93.55       9.945           0
    90       52.25       79.04           0
    90      -32.25       88.92           0
    90      -93.09       27.48           0
    90      -75.13         -57           0
    90      -3.236      -96.92           0
    90       70.47      -64.03           0
    90      -73.33       171.3           0
    90      -141.7       125.9           0
    90      -183.5       37.59           0
    90      -187.8      -50.83           0
    90      -141.1      -130.6           0
    90      -60.69      -176.9           0
    90       26.36      -183.2           0
    90       113.5      -158.4           0
    90       169.5      -82.77           0
    90       191.5       6.176           0
    90       160.5       92.73           0
    90       100.7       161.1           0
    90       15.48       188.9           0
    90       203.2      -201.8           0
    90       250.8      -124.8           0
    90       282.9      -33.14           0
    90       277.7       57.72           0
    90       248.2       146.3           0
         90  182.2       218.4           0
         90  100.1       261.4           0
         90  9.874       284.2           0
         90 -86.47       276.7           0
         90 -162.8       236.6           0
         90 -237.1       165.9           0
         90   -280       79.69           0
         90 -283.6      -14.15           0
         90   -268      -105.4           0
         90 -212.6      -184.2           0
         90 -142.6      -240.5           0
         90 -59.06      -275.3           0
         90  35.32      -290.4           0
         90  126.6      -259.2           0
         90      108.7       405.7     0
         90     -142.7       532.4	   0
         90     -511.6       511.6	   0
         90     -917.2       245.8	   0
         90      -1204      -322.5	   0
         90      -1157       -1157	   0
         90     -555.6       -2074	   0
         90      729.2       -2722	   0
         90       2615       -2615	   0
         90       4688       -1256	   0
         90       6153        1649	   0
         90        297        -297	   0
    90      532.4      -142.7	   0
    90      698.8       187.2	   0
    90      671.4       671.4	   0
    90      322.5        1204	   0
    90     -423.3        1580	   0
    90      -1518        1518	   0
    90      -2722       729.2	   0
    90      -3572      -957.1	   0
    90      -3432       -3432	   0
    90      -1649       -6153	   0
    90     -405.7      -108.7	   0
    90     -389.8      -389.8	   0
    90     -187.2      -698.8	   0
    90      245.8      -917.2	   0
    90      881.2      -881.2	   0
    90       1580      -423.3	   0
    90       2074       555.6	   0
    90       1992        1992	   0
    90      957.1        3572	   0
    90      -1256        4688	   0
    90      -4504        4504	   0
 90 6993.44615 -4051.066124 -5.1239744
 90 9897.748356 -3729.029644 -8.769746328
 90 10163.05026 -9064.350165 -14.56254026
 90 17421.25441 -651.2043156 -23.80943684
 90 22646.94506 2884.19685 -40.83435766
 90 25003.0732 14131.90414 -64.70402204
 90 33487.44026 14859.85086 -105.2433118
 90 -7042.78175 -4263.175272 -5.317117627
 90 -9697.610132 -8233.484519 -12.70643335
 90 -14215.20805 -4490.104175 -17.41806878
 90 -10899.0916 -13813.36819 -24.33393933
 90 -9128.81208 -20792.87027 -40.57947959
 90 -2923.1595 -26481.35315 -55.90027358
 90 -3932.749944 -33539.46658 -89.80755732
 90 -178.635669 8214.13507 -5.316602965
 90 4043.625102 11423.22159 -11.5583512
 90 -3933.904712 12407.11612 -13.33644332
 90 -8401.387005 15529.93007 -24.52484698
 90 -13863.23821 18091.11255 -40.83359943
 90 -21812.56106 13284.52465 -51.17281941
 90 -31057.94105 24748.24269 -123.8067494
0 116.7644482 -26.82472208 0
