# 0 116.7644482 -26.82472208 0
31 -0.000000 0.000000 0.000000
31 -21.142412 -22.691160 0.000000
31 15.038723 -27.132929 0.000000
31 30.402891 5.940420 0.000000
31 3.768611 30.781696 0.000000
31 -28.115519 13.079743 0.000000
31 90.940605 10.016683 0.000000
31 68.487762 -11.368855 0.000000
31 104.375717 -17.920471 0.000000
31 121.643394 14.146893 0.000000
31 96.517426 40.521900 0.000000
31 63.683182 24.774982 0.000000
31 49.913692 81.887833 0.000000
31 71.653534 103.986412 0.000000
31 35.603127 109.377121 0.000000
31 19.336311 76.801933 0.000000
31 45.313305 51.235271 0.000000
31 77.611206 68.023697 0.000000
31 -31.027596 90.080147 0.000000
31 -60.256866 100.473564 0.000000
31 -49.950027 65.548157 0.000000
31 -13.548080 64.496933 0.000000
31 -1.261351 98.811317 0.000000
31 -30.139215 121.094940 0.000000
31 -90.135216 27.831692 0.000000
31 -92.611328 58.743420 0.000000
31 -120.304314 35.001896 0.000000
31 -106.242813 1.352018 0.000000
31 -69.956352 4.292187 0.000000
31 -61.537277 39.725723 0.000000
31 -80.893867 -57.315536 0.000000
31 -110.377914 -66.815598 0.000000
31 -81.001541 -88.331230 0.000000
31 -51.443268 -67.021637 0.000000
31 -62.584396 -32.325401 0.000000
31 -99.021873 -32.183743 0.000000
31 -1.226680 -97.039360 0.000000
31 1.463264 -127.943428 0.000000
31 28.999523 -103.989433 0.000000
31 14.700522 -70.437859 0.000000
31 -21.576939 -73.639091 0.000000
31 -29.765388 -109.199799 0.000000
31 80.557091 -72.490898 0.000000
31 72.008560 -102.284523 0.000000
31 106.272240 -89.811333 0.000000
31 104.950348 -53.355644 0.000000
31 69.864632 -43.401085 0.000000
31 49.581802 -73.686264 0.000000
31 -76.110977 178.017609 0.000000
31 -96.408844 201.422440 0.000000
31 -104.658905 165.944717 0.000000
31 -73.456055 147.152954 0.000000
31 -45.931046 170.981644 0.000000
31 -60.111324 204.570892 0.000000
31 -136.923508 121.411095 0.000000
31 -113.173523 101.472824 0.000000
31 -110.628204 137.836304 0.000000
31 -144.425186 151.492722 0.000000
31 -167.853973 123.562531 0.000000
31 -148.503204 92.657089 0.000000
31 -190.566925 36.540966 0.000000
31 -168.037766 57.805557 0.000000
31 -203.815872 64.583481 0.000000
31 -221.320114 32.577023 0.000000
31 -196.326736 6.104589 0.000000
31 -163.400650 21.637920 0.000000
31 -182.311905 -52.519741 0.000000
31 -153.439346 -41.181042 0.000000
31 -184.153671 -21.545889 0.000000
31 -212.315460 -44.742516 0.000000
31 -198.971283 -78.661423 0.000000
31 -162.544052 -76.411789 0.000000
31 -141.441101 -130.712891 0.000000
31 -167.045425 -113.211899 0.000000
31 -166.033081 -149.592834 0.000000
31 -131.093094 -159.940384 0.000000
31 -110.463928 -129.915466 0.000000
31 -132.594391 -100.991714 0.000000
31 -63.544273 -169.653229 0.000000
31 -33.054672 -164.155029 0.000000
31 -59.362350 -138.926086 0.000000
31 -91.468979 -156.165939 0.000000
31 -84.966454 -192.063812 0.000000
31 -48.863148 -196.972198 0.000000
31 25.999706 -190.246597 0.000000
31 16.153980 -219.615494 0.000000
31 50.908863 -208.688431 0.000000
31 51.231556 -172.268494 0.000000
31 16.711662 -160.696808 0.000000
31 -5.017168 -189.925171 0.000000
31 114.194366 -165.113815 0.000000
31 136.442551 -186.721756 0.000000
31 141.599060 -150.619797 0.000000
31 108.850426 -134.607468 0.000000
31 83.522446 -160.755585 0.000000
31 100.562630 -192.952713 0.000000
31 164.265823 -84.906952 0.000000
31 167.346558 -54.034214 0.000000
31 135.847580 -72.472862 0.000000
31 143.635773 -108.071182 0.000000
31 179.933472 -111.667160 0.000000
31 194.569122 -78.259552 0.000000
31 194.200821 5.927490 0.000000
31 173.667099 -17.284952 0.000000
31 209.917343 -20.807627 0.000000
31 224.440933 12.619410 0.000000
31 197.202179 36.766083 0.000000
31 165.783478 18.334303 0.000000
31 164.870346 93.016457 0.000000
31 133.881439 92.295044 0.000000
31 155.992081 63.310333 0.000000
31 190.391052 75.404709 0.000000
31 189.482788 111.864410 0.000000
31 154.558594 122.229858 0.000000
31 99.127312 158.098328 0.000000
31 129.930496 154.491501 0.000000
31 112.079170 186.280579 0.000000
31 76.350548 179.121231 0.000000
31 72.058388 142.957489 0.000000
31 105.159592 127.722115 0.000000
31 16.068447 181.964996 0.000000
31 38.979729 202.813202 0.000000
31 3.279571 210.185593 0.000000
31 -14.754845 178.566055 0.000000
31 9.756243 151.618454 0.000000
31 42.958961 166.569473 0.000000
31 207.057297 -204.741745 0.000000
31 215.355591 -234.636093 0.000000
31 238.040070 -206.084717 0.000000
31 217.924255 -175.709106 0.000000
31 182.799957 -185.472443 0.000000
31 181.247986 -221.881729 0.000000
31 255.636581 -128.972610 0.000000
31 286.375732 -124.893127 0.000000
31 261.227814 -98.461365 0.000000
31 228.404205 -114.198364 0.000000
31 233.171494 -150.341736 0.000000
31 269.003693 -156.913147 0.000000
31 286.658478 -31.722908 0.000000
31 265.832397 -8.766359 0.000000
31 258.411163 -44.466301 0.000000
31 290.003326 -62.522202 0.000000
31 316.987854 -38.061481 0.000000
31 302.041870 -4.785107 0.000000
31 264.070801 56.786709 0.000000
31 239.159012 38.342461 0.000000
31 273.902588 27.384178 0.000000
31 295.079285 57.009762 0.000000
31 273.447754 86.357666 0.000000
31 238.868118 74.866516 0.000000
31 241.603378 140.297791 0.000000
31 237.383865 109.603462 0.000000
31 269.475159 126.777420 0.000000
31 263.118652 162.603622 0.000000
31 226.995804 167.619980 0.000000
31 211.062851 134.863373 0.000000
31 190.353363 214.702469 0.000000
31 214.182312 194.879120 0.000000
31 216.559982 231.280914 0.000000
31 182.648438 244.724609 0.000000
31 159.415878 216.625381 0.000000
31 178.978500 185.844879 0.000000
31 102.672844 258.948456 0.000000
31 90.304756 230.538223 0.000000
31 125.864426 238.382446 0.000000
31 129.399124 274.687195 0.000000
31 95.965912 289.218262 0.000000
31 71.798248 261.887421 0.000000
31 10.262653 273.004456 0.000000
31 -15.241631 290.611786 0.000000
31 -14.399046 254.199081 0.000000
31 20.531754 243.769836 0.000000
31 41.241428 273.754517 0.000000
31 19.114521 302.692383 0.000000
31 -83.420265 266.706787 0.000000
31 -57.964256 249.029022 0.000000
31 -58.711166 285.446198 0.000000
31 -93.639481 295.987396 0.000000
31 -114.392380 266.073792 0.000000
31 -92.417007 237.022156 0.000000
31 -171.262405 238.649002 0.000000
31 -202.222977 239.935989 0.000000
31 -182.066956 209.588882 0.000000
31 -146.995270 219.366516 0.000000
31 -145.448212 255.809738 0.000000
31 -179.642410 268.500854 0.000000
31 -246.727448 166.075836 0.000000
31 -257.115082 136.838760 0.000000
31 -222.157944 147.185547 0.000000
31 -221.166626 183.649139 0.000000
31 -255.543823 195.768372 0.000000
31 -277.701538 166.880600 0.000000
31 -293.545532 81.265602 0.000000
31 -315.093414 103.568161 0.000000
31 -321.398895 67.676666 0.000000
31 -289.212891 50.564560 0.000000
31 -263.015381 75.869675 0.000000
31 -278.970490 108.636841 0.000000
31 -286.434631 -14.782365 0.000000
31 -287.376190 -45.747128 0.000000
31 -257.231750 -25.235882 0.000000
31 -267.474823 9.770726 0.000000
31 -303.938141 10.813272 0.000000
31 -316.218628 -23.483955 0.000000
31 -267.284088 -106.928246 0.000000
31 -292.233337 -125.368477 0.000000
31 -257.443726 -136.315262 0.000000
31 -236.311859 -106.632660 0.000000
31 -258.018829 -77.353844 0.000000
31 -292.582153 -88.992622 0.000000
31 -217.076569 -190.820602 0.000000
31 -215.033936 -221.756439 0.000000
31 -187.032257 -198.411194 0.000000
31 -200.554535 -164.595428 0.000000
31 -236.907150 -166.985733 0.000000
31 -245.847321 -202.326675 0.000000
31 -140.622772 -232.953812 0.000000
31 -170.010513 -223.059753 0.000000
31 -159.087326 -257.849426 0.000000
31 -122.629295 -258.208893 0.000000
31 -111.083824 -223.634903 0.000000
31 -140.319809 -201.956100 0.000000
31 -60.102566 -283.326324 0.000000
31 -72.057243 -311.953979 0.000000
31 -36.616459 -303.528809 0.000000
31 -33.585690 -267.232971 0.000000
31 -67.219254 -253.163315 0.000000
31 -91.021797 -280.768494 0.000000
31 34.160187 -282.582458 0.000000
31 40.006744 -252.135300 0.000000
31 7.025633 -267.609680 0.000000
31 11.522051 -303.752716 0.000000
31 47.305061 -310.661255 0.000000
31 64.942764 -278.786804 0.000000
31 123.078224 -256.541077 0.000000
31 154.007553 -254.876709 0.000000
31 131.089737 -226.588867 0.000000
31 97.079300 -239.670914 0.000000
31 99.024612 -276.092285 0.000000
31 134.267365 -285.471985 0.000000
31 108.699997 405.700012 0.000000
31 138.932144 412.627838 0.000000
31 111.483612 436.560303 0.000000
31 80.192261 417.852112 0.000000
31 88.359459 382.316620 0.000000
31 124.663567 379.121246 0.000000
31 -142.699997 532.400024 0.000000
31 -166.158066 512.130188 0.000000
31 -130.640045 503.833862 0.000000
31 -111.785217 535.051697 0.000000
31 -135.708481 562.601196 0.000000
31 -169.283447 548.374390 0.000000
31 -511.600006 511.600006 0.000000
31 -528.279297 537.725891 0.000000
31 -541.602600 503.829254 0.000000
31 -513.449707 480.644012 0.000000
31 -482.726868 500.268127 0.000000
31 -491.897308 535.559998 0.000000
31 -917.200012 245.800003 0.000000
31 -910.522095 276.070190 0.000000
31 -943.937500 261.497528 0.000000
31 -940.368225 225.203323 0.000000
31 -904.736450 217.397644 0.000000
31 -886.356506 248.880890 0.000000
31 -1204.000000 -322.500000 0.000000
31 -1219.984375 -295.935608 0.000000
31 -1234.211426 -329.535400 0.000000
31 -1206.642578 -353.394836 0.000000
31 -1175.405762 -334.529022 0.000000
31 -1183.734985 -299.045471 0.000000
31 -1157.000000 -1157.000000 0.000000
31 -1126.003418 -1157.504028 0.000000
31 -1146.945923 -1127.675903 0.000000
31 -1181.791016 -1138.401245 0.000000
31 -1182.326782 -1174.862427 0.000000
31 -1147.827148 -1186.593994 0.000000
31 -555.599976 -2074.000000 0.000000
31 -576.467529 -2096.902344 0.000000
31 -540.230225 -2100.910156 0.000000
31 -525.237671 -2067.687256 0.000000
31 -552.219360 -2043.198853 0.000000
31 -583.830444 -2061.263184 0.000000
31 729.200012 -2722.000000 0.000000
31 756.995483 -2735.725830 0.000000
31 750.825500 -2699.796143 0.000000
31 714.804749 -2694.569824 0.000000
31 698.647278 -2727.166016 0.000000
31 724.704895 -2752.692871 0.000000
31 2615.000000 -2615.000000 0.000000
31 2641.089355 -2598.245361 0.000000
31 2607.144531 -2584.985840 0.000000
31 2584.042725 -2613.226807 0.000000
31 2603.790283 -2643.925293 0.000000
31 2639.005859 -2634.610596 0.000000
31 4688.000000 -1256.000000 0.000000
31 4698.283203 -1226.781860 0.000000
31 4663.363281 -1237.178711 0.000000
31 4662.457520 -1273.593384 0.000000
31 4696.804199 -1285.717407 0.000000
31 4718.996094 -1256.794189 0.000000
31 6153.000000 1649.000000 0.000000
31 6126.711914 1665.444336 0.000000
31 6129.267578 1629.082886 0.000000
31 6164.642578 1620.246338 0.000000
31 6183.897949 1651.214722 0.000000
31 6160.446777 1679.078979 0.000000
31 297.000000 -297.000000 0.000000
31 278.106140 -272.392365 0.000000
31 267.758911 -307.350616 0.000000
31 297.832703 -328.000732 0.000000
31 326.718048 -305.750153 0.000000
31 314.496948 -271.423889 0.000000
31 532.400024 -142.699997 0.000000
31 562.824646 -148.787537 0.000000
31 547.551270 -115.677391 0.000000
31 511.382080 -119.931786 0.000000
31 504.251465 -155.680893 0.000000
31 536.033630 -173.468994 0.000000
31 698.799988 187.199997 0.000000
31 707.675415 216.928848 0.000000
31 673.265991 204.797379 0.000000
31 674.187622 168.364075 0.000000
31 709.147827 157.995529 0.000000
31 729.810547 188.009399 0.000000
31 671.400024 671.400024 0.000000
31 695.227356 691.220703 0.000000
31 659.890259 700.181152 0.000000
31 640.490540 669.326660 0.000000
31 663.795715 641.363342 0.000000
31 697.659851 654.881287 0.000000
31 322.500000 1204.000000 0.000000
31 291.986908 1209.494751 0.000000
31 307.837769 1176.709595 0.000000
31 343.946899 1181.617188 0.000000
31 350.406372 1217.485474 0.000000
31 318.282288 1234.714478 0.000000
31 -423.299988 1580.000000 0.000000
31 -450.257996 1564.706665 0.000000
31 -417.047424 1549.650024 0.000000
31 -392.504181 1576.559326 0.000000
31 -410.463165 1608.229370 0.000000
31 -446.143158 1600.947754 0.000000
31 -1518.000000 1518.000000 0.000000
31 -1488.847046 1507.435059 0.000000
31 -1498.963257 1542.456299 0.000000
31 -1535.391602 1543.672241 0.000000
31 -1547.812744 1509.412354 0.000000
31 -1519.039551 1487.040649 0.000000
31 -2722.000000 729.200012 0.000000
31 -2729.133057 699.017822 0.000000
31 -2695.547363 713.058472 0.000000
31 -2698.494141 749.414429 0.000000
31 -2733.944336 757.824524 0.000000
31 -2752.875000 726.664734 0.000000
31 -3572.000000 -957.099976 0.000000
31 -3601.394531 -966.908752 0.000000
31 -3571.775879 -988.070740 0.000000
31 -3542.459473 -966.438843 0.000000
31 -3553.998291 -931.893188 0.000000
31 -3590.419678 -932.185059 0.000000
31 -3432.000000 -3432.000000 0.000000
31 -3439.402100 -3462.079834 0.000000
31 -3405.659424 -3448.368164 0.000000
31 -3408.304199 -3412.021240 0.000000
31 -3443.653564 -3403.279785 0.000000
31 -3462.927002 -3434.203125 0.000000
31 -1649.000000 -6153.000000 0.000000
31 -1670.231079 -6175.586914 0.000000
31 -1634.121338 -6180.180664 0.000000
31 -1618.558594 -6147.251465 0.000000
31 -1645.023926 -6122.247070 0.000000
31 -1677.003052 -6139.738281 0.000000
31 -405.700012 -108.699997 0.000000
31 -383.014984 -129.812836 0.000000
31 -378.640991 -93.620872 0.000000
31 -411.703156 -78.275757 0.000000
31 -436.495850 -105.022720 0.000000
31 -418.721436 -136.839569 0.000000
31 -389.799988 -389.799988 0.000000
31 -393.578156 -420.557495 0.000000
31 -361.705292 -402.884277 0.000000
31 -368.639954 -367.145416 0.000000
31 -404.809418 -362.692474 0.000000
31 -420.226959 -395.645447 0.000000
31 -187.199997 -698.799988 0.000000
31 -178.873688 -728.634521 0.000000
31 -156.224121 -700.080078 0.000000
31 -176.443420 -669.697510 0.000000
31 -211.495224 -679.561096 0.000000
31 -213.047043 -715.954346 0.000000
31 245.800003 -917.200012 0.000000
31 276.782562 -915.515991 0.000000
31 253.753891 -887.219666 0.000000
31 219.760101 -900.393433 0.000000
31 221.746414 -936.760254 0.000000
31 256.998871 -946.135803 0.000000
31 881.200012 -881.200012 0.000000
31 850.681213 -875.844910 0.000000
31 866.682556 -908.590881 0.000000
31 902.771851 -903.453003 0.000000
31 909.044678 -867.550720 0.000000
31 876.808472 -850.494263 0.000000
31 1580.000000 -423.299988 0.000000
31 1609.750610 -432.081177 0.000000
31 1597.529785 -397.759491 0.000000
31 1561.093262 -398.747864 0.000000
31 1550.805176 -433.676086 0.000000
31 1580.824219 -454.301025 0.000000
31 2074.000000 555.599976 0.000000
31 2086.202393 584.103210 0.000000
31 2050.674561 576.043152 0.000000
31 2047.375000 539.740051 0.000000
31 2080.882568 525.347107 0.000000
31 2104.897217 552.838135 0.000000
31 1992.000000 1992.000000 0.000000
31 2022.474365 1997.607300 0.000000
31 1996.059204 2022.755127 0.000000
31 1964.006348 2005.338257 0.000000
31 1970.651123 1969.524658 0.000000
31 2006.787231 1964.768799 0.000000
31 957.099976 3572.000000 0.000000
31 926.377869 3567.810059 0.000000
31 951.563660 3541.501709 0.000000
31 984.385742 3557.309326 0.000000
31 979.505005 3593.412598 0.000000
31 943.635071 3599.925049 0.000000
31 -1256.000000 4688.000000 0.000000
31 -1241.992310 4660.326172 0.000000
31 -1225.358398 4692.731934 0.000000
31 -1251.020142 4718.614746 0.000000
31 -1283.579590 4702.204102 0.000000
31 -1278.040894 4666.208496 0.000000
31 -4504.000000 4504.000000 0.000000
31 -4498.334473 4473.531738 0.000000
31 -4473.252930 4500.002441 0.000000
31 -4490.717773 4532.021484 0.000000
31 -4526.521973 4525.295410 0.000000
31 -4531.251953 4489.172852 0.000000
31 6993.445801 -4051.066162 0.000000
31 6967.010742 -4067.239746 0.000000
31 7000.644043 -4081.231445 0.000000
31 7024.350098 -4053.533203 0.000000
31 7005.336426 -4022.432129 0.000000
31 6969.905762 -4030.906738 0.000000
31 9897.748047 -3729.029541 0.000000
31 9873.633789 -3709.529297 0.000000
31 9871.741211 -3745.950439 0.000000
31 9905.788086 -3758.939453 0.000000
31 9928.688477 -3730.609619 0.000000
31 9908.821289 -3700.054443 0.000000
31 10163.049805 -9064.349609 0.000000
31 10153.550781 -9093.857422 0.000000
31 10188.185547 -9082.522461 0.000000
31 10188.083984 -9046.079102 0.000000
31 10153.387695 -9034.916992 0.000000
31 10132.060547 -9064.420898 0.000000
31 17421.253906 -651.204346 0.000000
31 17393.318359 -664.643677 0.000000
31 17425.425781 -681.895264 0.000000
31 17451.738281 -656.767212 0.000000
31 17435.996094 -623.919128 0.000000
31 17399.837891 -628.787231 0.000000
31 22646.945312 2884.197021 0.000000
31 22663.371094 2857.904297 0.000000
31 22677.027344 2891.707520 0.000000
31 22649.111328 2915.096924 0.000000
31 22618.187500 2895.773193 0.000000
31 22627.048828 2860.435791 0.000000
31 25003.074219 14131.904297 0.000000
31 24974.037109 14142.818359 0.000000
31 24983.701172 14107.707031 0.000000
31 25020.169922 14106.011719 0.000000
31 25032.968750 14140.167969 0.000000
31 25004.453125 14162.876953 0.000000
31 33487.437500 14859.850586 0.000000
31 33504.617188 14885.663086 0.000000
31 33468.218750 14884.157227 0.000000
31 33458.378906 14849.075195 0.000000
31 33488.679688 14828.893555 0.000000
31 33517.273438 14851.425781 0.000000
31 -7042.781738 -4263.174805 0.000000
31 -7072.182129 -4273.088379 0.000000
31 -7042.437988 -4294.163086 0.000000
31 -7013.171875 -4272.437012 0.000000
31 -7024.825684 -4237.888184 0.000000
31 -7061.238281 -4238.274414 0.000000
31 -9697.609375 -8233.485352 0.000000
31 -9713.203125 -8206.692383 0.000000
31 -9727.917969 -8240.028320 0.000000
31 -9700.739258 -8264.328125 0.000000
31 -9669.238281 -8245.962891 0.000000
31 -9676.995117 -8210.364258 0.000000
31 -14215.208008 -4490.104004 0.000000
31 -14229.661133 -4462.658203 0.000000
31 -14245.770508 -4495.336914 0.000000
31 -14219.641602 -4520.794922 0.000000
31 -14187.392578 -4503.795898 0.000000
31 -14193.625977 -4467.851562 0.000000
31 -10899.091797 -13813.367188 0.000000
31 -10868.668945 -13819.251953 0.000000
31 -10884.120117 -13786.234375 0.000000
31 -10920.299805 -13790.730469 0.000000
31 -10927.138672 -13826.556641 0.000000
31 -10895.191406 -13844.122070 0.000000
31 -9128.811523 -20792.871094 0.000000
31 -9120.130859 -20763.113281 0.000000
31 -9154.427734 -20775.404297 0.000000
31 -9153.340820 -20811.845703 0.000000
31 -9118.340820 -20822.042969 0.000000
31 -9097.847656 -20791.898438 0.000000
31 -2923.159668 -26481.355469 0.000000
31 -2942.458008 -26457.078125 0.000000
31 -2952.169922 -26492.218750 0.000000
31 -2921.814941 -26512.335938 0.000000
31 -2893.325439 -26489.677734 0.000000
31 -2906.050049 -26455.501953 0.000000
31 -3932.750000 -33539.464844 0.000000
31 -3903.402100 -33529.488281 0.000000
31 -3933.138672 -33508.460938 0.000000
31 -3962.370361 -33530.273438 0.000000
31 -3950.669922 -33564.761719 0.000000
31 -3914.257568 -33564.359375 0.000000
31 -178.635681 8214.134766 0.000000
31 -209.559555 8212.432617 0.000000
31 -186.575714 8184.177734 0.000000
31 -152.591034 8197.321289 0.000000
31 -154.598999 8233.695312 0.000000
31 -189.821915 8243.025391 0.000000
31 4043.625000 11423.221680 0.000000
31 4052.169189 11393.421875 0.000000
31 4074.606201 11422.154297 0.000000
31 4054.194092 11452.351562 0.000000
31 4019.197510 11442.275391 0.000000
31 4017.922852 11405.838867 0.000000
31 -3933.904541 12407.115234 0.000000
31 -3911.254395 12385.934570 0.000000
31 -3906.772217 12422.118164 0.000000
31 -3939.826660 12437.514648 0.000000
31 -3964.685547 12410.883789 0.000000
31 -3947.000244 12379.000977 0.000000
31 -8401.386719 15529.930664 0.000000
31 -8371.703125 15538.785156 0.000000
31 -8400.593750 15560.943359 0.000000
31 -8430.585938 15540.292969 0.000000
31 -8420.252930 15505.363281 0.000000
31 -8383.864258 15504.380859 0.000000
31 -13863.238281 18091.111328 0.000000
31 -13832.654297 18086.003906 0.000000
31 -13848.895508 18118.587891 0.000000
31 -13884.939453 18113.261719 0.000000
31 -13890.988281 18077.326172 0.000000
31 -13858.696289 18060.447266 0.000000
31 -21812.562500 13284.524414 0.000000
31 -21787.044922 13266.941406 0.000000
31 -21787.978516 13303.389648 0.000000
31 -21822.888672 13313.730469 0.000000
31 -21843.546875 13283.738281 0.000000
31 -21821.404297 13254.827148 0.000000
31 -31057.941406 24748.240234 0.000000
31 -31072.718750 24720.980469 0.000000
31 -31036.630859 24725.755859 0.000000
31 -31029.955078 24761.550781 0.000000
31 -31061.939453 24778.986328 0.000000
31 -31088.433594 24753.974609 0.000000
