25      -38.054868       434.70749
25      -125.02285       1428.1581
25      -259.41530       2963.3469
25      -410.69991       4691.4976
25      -602.29632       6880.1373
25      -823.54687       9407.5215
25      -1072.8975       12255.898
25      -1349.1657       15411.759
25      -1651.3338       18863.478
25       438.68894      -204.51744
25       1441.0155      -671.80358
25       2889.5446      -1347.1100
25       4733.7747      -2206.8928
25       6942.2828      -3236.5026
25       9492.0841      -4425.2238
25       12366.166      -5765.1253
25       15550.491      -7249.6620
25       19032.739      -8873.0915
25      -401.27554      -270.65345
25      -1318.0196      -888.98156
25      -2643.0447      -1782.6882
25      -4330.0153      -2920.5208
25      -6350.0806      -4283.0201
25      -8682.6139      -5856.2736
25      -11311.498      -7629.4110
25      -14224.340      -9594.0726
25      -17410.154      -11742.849
0       -90             30.0
