25    -11.763460    134.37609  
25    -38.054868    434.70749  
25    -76.316419    871.77595  
25    -125.02285    1428.1581  
25    -183.34917    2094.4300  
25    -259.41530    2963.3469  
25    -326.59758    3730.7818  
25    -410.69991    4691.4976  
25    -502.68757    5742.2890  
25      133.63146   -62.299185 
25      438.68894   -204.51744 
25      879.34464   -409.95179 
25      1441.0155   -671.80358 
25      2113.3057   -985.22628 
25      2889.5446   -1347.1100 
25      3764.4481   -1754.9914 
25      4733.7747   -2206.8928 
25      5794.0982   -2701.2173 
25     -122.02749   -82.305444 
25     -401.27554   -270.65345 
25     -804.58225   -542.67688 
25     -1318.0196   -888.98156 
25     -1933.0319   -1303.7967 
25     -2643.0447   -1782.6882 
25     -3443.3988   -2322.5132 
25     -4330.0153   -2920.5208 
25     -5299.8599   -3574.6643 
0       -90             30.0
