25      -4.7885804          54.700800
25      -11.763460          134.37609
25      -23.233030          265.39501
25      -38.054868          434.70749
25      -55.815609          637.59157
25      -76.316419          871.77595
25      -99.422998          1135.7265
25      -125.02285          1428.1581
25      -153.02440          1748.0248
25       40.649558         -18.950885
25       133.63146         -62.299185
25       267.75234         -124.82654
25       438.68894         -204.51744
25       643.31437         -299.91412
25       879.34464         -409.95179
25       1145.9187         -534.22903
25       1441.0155         -671.80358
25       1763.7739         -822.27403
25      -37.133035         -25.045593
25      -122.02749         -82.305444
25      -244.99181         -165.24276
25      -401.27554         -270.65345
25      -588.46616         -396.91030
25      -804.58225         -542.67688
25      -1048.1564         -706.96345
25      -1318.0196         -888.98156
25      -1613.3429         -1088.1720
0       -90             30.0
