25      -3.4839517          39.797796
25      -3.9060374          44.619356
25      -7.8338768          89.487759
25      -12.836116          146.62923
25      -18.852583          215.35638
25      -25.770777          294.38415
25      -33.568899          383.46347
25      -42.210320          482.17595
25      -51.661030          590.13307
25       36.208469         -16.880442
25       40.595177         -18.925532
25       81.416940         -37.956699
25       133.40487         -62.193550
25       195.93359         -91.344532
25       267.83391         -124.86457
25       348.87925         -162.64803
25       438.68894         -204.51744
25       536.90951         -250.30802
25      -33.120445         -22.339170
25      -37.133035         -25.045593
25      -74.473332         -50.230981
25      -122.02749         -82.305444
25      -179.22348         -120.88315
25      -244.99181         -165.24276
25      -319.12523         -215.24448
25      -401.27554         -270.65345
25      -491.11941         -331.25159
0       -90             30.0
