116.7644482 -26.82472208
116.7642355 -26.82492687
116.7645995 -26.82496696
116.764754  -26.82466847
116.7644861 -26.82444427
116.7641654 -26.82460403
116.765363  -26.82463167
116.7651372 -26.82482468
116.7654982 -26.82488381
116.7656719 -26.8245944
116.7654191 -26.82435636
116.7650888 -26.82449848
116.7649503 -26.82398302
116.765169  -26.82378358
116.7648063 -26.82373493
116.7646427 -26.82402893
116.764904  -26.82425967
116.7652289 -26.82410815
116.7641361 -26.82390909
116.763842  -26.82381528
116.7639457 -26.82413049
116.7643119 -26.82413998
116.7644355 -26.82383029
116.764145  -26.82362917
116.7635415 -26.82447089
116.7635166 -26.82419191
116.763238  -26.82440618
116.7633794 -26.82470987
116.7637445 -26.82468334
116.7638292 -26.82436355
116.7636344 -26.82523936
116.7633378 -26.8253251
116.7636334 -26.82551929
116.7639307 -26.82532696
116.7638186 -26.82501382
116.7634521 -26.82501254
116.7644359 -26.82559788
116.7644629 -26.8258768
116.7647399 -26.82566061
116.7645961 -26.8253578
116.7642311 -26.82538669
116.7641488 -26.82570763
116.7652586 -26.82537632
116.7651726 -26.82564522
116.7655173 -26.82553264
116.765504  -26.82520362
116.765151  -26.82511378
116.764947  -26.82538711
116.7636826 -26.82311543
116.7634784 -26.8229042
116.7633954 -26.82322439
116.7637093 -26.82339399
116.7639862 -26.82317893
116.7638435 -26.82287578
116.7630708 -26.82362631
116.7633097 -26.82380626
116.7633353 -26.82347807
116.7629954 -26.82335482
116.7627597 -26.82360689
116.7629543 -26.82388582
116.7625312 -26.82439228
116.7627578 -26.82420036
116.7623979 -26.82413919
116.7622218 -26.82442805
116.7624732 -26.82466697
116.7628045 -26.82452678
116.7626142 -26.82519607
116.7629047 -26.82509374
116.7625957 -26.82491652
116.7623124 -26.82512587
116.7624466 -26.825432
116.7628131 -26.8254117
116.7630254 -26.82590178
116.7627678 -26.82574383
116.762778  -26.82607218
116.7631294 -26.82616557
116.763337  -26.82589459
116.7631144 -26.82563354
116.763809  -26.82625323
116.7641157 -26.82620361
116.763851  -26.82597592
116.7635281 -26.82613151
116.7635935 -26.82645549
116.7639567 -26.82649979
116.7647097 -26.82643909
116.7646107 -26.82670416
116.7649603 -26.82660554
116.7649636 -26.82627684
116.7646163 -26.8261724
116.7643977 -26.82643619
116.765597  -26.82621226
116.7658208 -26.82640728
116.7658726 -26.82608145
116.7655432 -26.82593694
116.7652884 -26.82617293
116.7654598 -26.82646351
116.7661006 -26.82548837
116.7661316 -26.82520974
116.7658148 -26.82537616
116.7658931 -26.82569744
116.7662583 -26.82572989
116.7664055 -26.82542838
116.7664018 -26.82466857
116.7661952 -26.82487807
116.7665599 -26.82490986
116.766706  -26.82460817
116.766432  -26.82439024
116.7661159 -26.8245566
116.7661067 -26.82388258
116.765795  -26.82388909
116.7660174 -26.82415068
116.7663634 -26.82404152
116.7663543 -26.82371247
116.766003  -26.82361892
116.7654454 -26.82329521
116.7657552 -26.82332776
116.7655756 -26.82304085
116.7652162 -26.82310547
116.7651731 -26.82343186
116.765506  -26.82356936
116.7646098 -26.82307981
116.7648403 -26.82289165
116.7644812 -26.82282511
116.7642998 -26.82311048
116.7645463 -26.82335369
116.7648803 -26.82321876
116.7665311 -26.8265699
116.7666146 -26.8268397
116.7668428 -26.82658202
116.7666404 -26.82630787
116.7662871 -26.826396
116.7662715 -26.8267246
116.7670198 -26.82588606
116.767329  -26.82584924
116.767076  -26.82561069
116.7667459 -26.82575273
116.7667938 -26.82607893
116.7671543 -26.82613823
116.7673319 -26.82500836
116.7671223 -26.82480117
116.7670477 -26.82512337
116.7673655 -26.82528633
116.767637  -26.82506556
116.7674866 -26.82476523
116.7671046 -26.82420954
116.766854  -26.82437601
116.7672035 -26.82447491
116.7674165 -26.82420752
116.7671989 -26.82394266
116.7668511 -26.82404637
116.7668786 -26.82345584
116.7668361 -26.82373287
116.767159  -26.82357786
116.767095  -26.82325452
116.7667316 -26.82320926
116.7665714 -26.82350489
116.766363  -26.82278433
116.7666027 -26.82296324
116.7666266 -26.8226347
116.7662855 -26.82251338
116.7660518 -26.82276698
116.7662486 -26.82304478
116.765481  -26.82238501
116.7653566 -26.82264142
116.7657143 -26.82257062
116.7657499 -26.82224296
116.7654135 -26.82211182
116.7651704 -26.82235849
116.7645514 -26.82225816
116.7642949 -26.82209925
116.7643034 -26.82242788
116.7646547 -26.82252201
116.7648631 -26.82225139
116.7646405 -26.82199022
116.763609  -26.82231499
116.7638651 -26.82247454
116.7638576 -26.82214587
116.7635063 -26.82205073
116.7632975 -26.8223207
116.7635185 -26.8225829
116.7627254 -26.82256821
116.762414  -26.82255659
116.7626167 -26.82283048
116.7629695 -26.82274224
116.7629851 -26.82241334
116.7626411 -26.82229879
116.7619663 -26.82322319
116.7618618 -26.82348706
116.7622134 -26.82339368
116.7622234 -26.82306459
116.7618776 -26.82295521
116.7616547 -26.82321592
116.7614953 -26.82398861
116.7612785 -26.82378732
116.7612151 -26.82411125
116.7615389 -26.82426569
116.7618024 -26.82403732
116.7616419 -26.82374158
116.7615668 -26.82485546
116.7615573 -26.82513493
116.7618606 -26.82494982
116.7617575 -26.82463387
116.7613907 -26.82462445
116.7612672 -26.82493399
116.7617594 -26.8256871
116.7615084 -26.82585353
116.7618584 -26.82595233
116.762071  -26.82568444
116.7618526 -26.82542019
116.7615049 -26.82552523
116.7622645 -26.82644426
116.762285  -26.82672346
116.7625667 -26.82651277
116.7624307 -26.82620757
116.762065  -26.82622914
116.7619751 -26.8265481
116.7630336 -26.82682453
116.7627379 -26.82673523
116.7628478 -26.82704922
116.7632146 -26.82705246
116.7633307 -26.82674043
116.7630366 -26.82654477
116.7638436 -26.82727916
116.7637233 -26.82753753
116.7640798 -26.82746149
116.7641103 -26.82713391
116.763772  -26.82700693
116.7635325 -26.82725607
116.7647918 -26.82727244
116.7648507 -26.82699765
116.7645189 -26.82713731
116.7645641 -26.82746351
116.7649241 -26.82752586
116.7651015 -26.82723819
116.7656863 -26.82703741
116.7659975 -26.82702239
116.7657669 -26.82676709
116.7654248 -26.82688516
116.7654444 -26.82721387
116.7657989 -26.82729852
116.7655416 -26.82106055
116.7658457 -26.82099802
116.7655696 -26.82078203
116.7652549 -26.82095087
116.765337  -26.82127159
116.7657022 -26.82130043
116.7630128 -26.81991705
116.7627768 -26.82009999
116.7631341 -26.82017487
116.7633237 -26.81989312
116.7630831 -26.81964448
116.7627454 -26.81977288
116.759302  -26.82010469
116.7591342 -26.81986889
116.7590002 -26.82017481
116.7592833 -26.82038407
116.7595924 -26.82020697
116.7595002 -26.81988845
116.7552218 -26.82250338
116.755289  -26.82223019
116.7549528 -26.82236169
116.7549887 -26.82268926
116.7553471 -26.82275973
116.7555321 -26.8224756
116.7523362 -26.82763219
116.7521755 -26.82739243
116.7520323 -26.82769566
116.7523096 -26.82791102
116.7526239 -26.82774078
116.7525401 -26.82742053
116.7528083 -26.83516376
116.7531201 -26.83516833
116.7529094 -26.83489911
116.7525589 -26.83499588
116.7525535 -26.83532495
116.7529005 -26.83543086
116.7588582 -26.84344023
116.7586482 -26.84364692
116.7590128 -26.8436831
116.7591637 -26.84338326
116.7588922 -26.84316224
116.7585742 -26.84332526
116.7717852 -26.84928846
116.7720649 -26.84941233
116.7720028 -26.84908806
116.7716403 -26.84904091
116.7714778 -26.8493351
116.77174   -26.84956547
116.7907593 -26.84832051
116.7910218 -26.84816925
116.7906802 -26.84804964
116.7904478 -26.84830457
116.7906466 -26.84858159
116.7910009 -26.84849746
116.8116119 -26.83604987
116.8117153 -26.83578614
116.811364  -26.83588009
116.811355  -26.83620874
116.8117006 -26.83631805
116.8119238 -26.83605693
116.8263363 -26.80982597
116.8260718 -26.80967767
116.8260977 -26.81000583
116.8264536 -26.81008543
116.8266471 -26.80980584
116.8264111 -26.80955447
116.7674359 -26.82740253
116.7672459 -26.82718045
116.7671418 -26.82749596
116.7674443 -26.82768232
116.7677349 -26.8274815
116.767612  -26.8271717
116.7698039 -26.82600988
116.77011   -26.82606481
116.7699564 -26.82576599
116.7695925 -26.8258044
116.7695208 -26.82612704
116.7698405 -26.82628757
116.7714777 -26.82303239
116.771567  -26.82276407
116.7712208 -26.82287358
116.7712301 -26.8232024
116.7715818 -26.82329596
116.7717896 -26.82302507
116.7712018 -26.81866239
116.7714415 -26.81848349
116.771086  -26.81840264
116.7708909 -26.81868112
116.7711253 -26.81893348
116.771466  -26.81881146
116.7676921 -26.81385568
116.7673852 -26.8138061
116.7675446 -26.81410199
116.7679078 -26.81405769
116.7679728 -26.81373397
116.7676497 -26.81357848
116.7601905 -26.81046217
116.7599194 -26.81060019
116.7602534 -26.81073609
116.7605003 -26.81049323
116.7603197 -26.8102074
116.7599608 -26.81027311
116.7491797 -26.81102098
116.7494729 -26.81111636
116.7493712 -26.81080027
116.7490048 -26.81078926
116.7488798 -26.81109845
116.7491692 -26.81130039
116.7370678 -26.81813825
116.736996  -26.81841063
116.7373338 -26.81828398
116.7373043 -26.81795585
116.7369477 -26.81787988
116.7367572 -26.81816107
116.7285129 -26.83335554
116.7282171 -26.83344399
116.728515  -26.83363506
116.72881   -26.8334399
116.728694  -26.83312809
116.7283276 -26.83313063
116.7299145 -26.85569231
116.72984   -26.85596376
116.7301795 -26.8558401
116.730153  -26.85551205
116.7297974 -26.85543307
116.7296033 -26.85571211
116.747852  -26.88025298
116.7476383 -26.8804568
116.7480017 -26.8804983
116.7481583 -26.88020113
116.747892  -26.87997543
116.7475701 -26.88013325
116.760367  -26.82570306
116.7605952 -26.82589362
116.7606392 -26.82556698
116.7603066 -26.82542847
116.7600572 -26.82566986
116.760236  -26.82595702
116.7605269 -26.82824005
116.7604889 -26.82851764
116.7608095 -26.82835815
116.7607398 -26.82803559
116.7603759 -26.8279954
116.7602208 -26.8282928
116.762565  -26.83102888
116.7626487 -26.83129814
116.7628766 -26.83104044
116.7626732 -26.83076623
116.7623205 -26.83085524
116.7623049 -26.8311837
116.766921  -26.83299997
116.7672327 -26.83298477
116.767001  -26.83272939
116.766659  -26.8328483
116.766679  -26.83317651
116.7670337 -26.83326112
116.7733133 -26.83267481
116.7730062 -26.8326265
116.7731672 -26.83292203
116.7735303 -26.83287564
116.7735934 -26.83255161
116.7732691 -26.83239769
116.7803428 -26.82854156
116.7806421 -26.82862077
116.7805191 -26.82831103
116.7801525 -26.82831999
116.7800491 -26.82863524
116.7803511 -26.82882135
116.7853107 -26.81970614
116.7854334 -26.81944887
116.7850761 -26.81952167
116.7850429 -26.81984931
116.78538   -26.81997916
116.7856215 -26.81973102
116.7844836 -26.80674243
116.7847901 -26.80669177
116.7845244 -26.80646485
116.784202  -26.80662208
116.7842689 -26.8069453
116.7846324 -26.80698817
116.7740734 -26.79248364
116.7737645 -26.79252148
116.7740178 -26.7927589
116.7743479 -26.79261621
116.7742987 -26.79229037
116.773938  -26.79223162
116.7518181 -26.78241122
116.751959  -26.782661
116.7521263 -26.78236854
116.7518682 -26.78213492
116.7515408 -26.782283
116.7515965 -26.78260788
116.7191563 -26.78406519
116.7192132 -26.78434019
116.7194655 -26.78410137
116.71929   -26.78381233
116.7189299 -26.78387292
116.7188822 -26.78419892
116.8348215 -26.86126618
116.8345555 -26.86141228
116.8348941 -26.86153839
116.8351325 -26.86128829
116.834941  -26.8610077
116.8345845 -26.86108436
116.8640441 -26.85834219
116.8638013 -26.85816637
116.8637826 -26.85849509
116.8641253 -26.85861207
116.8643555 -26.85835623
116.8641553 -26.8580806
116.866757  -26.90649213
116.8666616 -26.90675851
116.8670102 -26.90665596
116.8670088 -26.90632706
116.8666595 -26.90622657
116.866445  -26.906493
116.9397062 -26.8304908
116.9394253 -26.83061244
116.9397486 -26.83076773
116.9400129 -26.83054062
116.9398541 -26.83024436
116.9394904 -26.83028874
116.9922124 -26.79850839
116.992378  -26.79874542
116.9925148 -26.79844012
116.9922336 -26.79822948
116.9919229 -26.79840438
116.9920127 -26.79872316
117.0156842 -26.69695549
117.0153923 -26.6968575
117.0154901 -26.69717422
117.0158565 -26.69718887
117.0159845 -26.69688037
117.0156975 -26.69667593
117.1009158 -26.6902092
117.1010877 -26.68997583
117.100722  -26.68999029
117.1006241 -26.69030715
117.1009291 -26.69048857
117.1012158 -26.69028453
116.6935773 -26.86318025
116.6932814 -26.86326957
116.6935806 -26.86345992
116.6938752 -26.86326399
116.6937581 -26.86295212
116.6933917 -26.86295542
116.6668313 -26.89899684
116.6666746 -26.89875492
116.6665262 -26.89905568
116.6667996 -26.89927517
116.6671168 -26.89910964
116.667039  -26.89878831
116.6213994 -26.86517371
116.6212543 -26.86492586
116.6210918 -26.86522062
116.6213545 -26.86545065
116.6216792 -26.86529756
116.6216169 -26.8649731
116.6546886 -26.9493466
116.6549949 -26.94939995
116.6548396 -26.94910184
116.6544752 -26.94914214
116.654406  -26.94946541
116.6547276 -26.94962419
116.6724653 -27.01234887
116.672553  -27.01208037
116.6722073 -27.01219107
116.672218  -27.01251995
116.6725706 -27.01261221
116.6727773 -27.01234029
116.7349808 -27.06371331
116.7347863 -27.06349417
116.7346883 -27.06381128
116.7349943 -27.0639929
116.7352815 -27.06378848
116.7351533 -27.06348002
116.7247812 -27.12740782
116.7250773 -27.12731787
116.7247774 -27.12712802
116.7244825 -27.12732479
116.7246004 -27.12763606
116.7249677 -27.12763254
116.7626524 -26.75058745
116.7623415 -26.7506028
116.7625726 -26.75085782
116.7629142 -26.7507392
116.762894  -26.75041091
116.7625399 -26.7503267
116.8050883 -26.72161867
116.8051743 -26.7218876
116.8053997 -26.72162821
116.8051945 -26.72135573
116.8048428 -26.72144677
116.8048301 -26.72177563
116.7249139 -26.71273903
116.7251414 -26.71293026
116.7251866 -26.7126037
116.7248545 -26.71246465
116.7246045 -26.71270493
116.7247822 -26.71299274
116.6800382 -26.68453503
116.6803365 -26.6844553
116.6800464 -26.68425514
116.6797449 -26.68444134
116.6798485 -26.68475665
116.6802141 -26.68476573
116.6251905 -26.66137637
116.6254977 -26.66142276
116.6253349 -26.66112852
116.6249728 -26.66117624
116.6249116 -26.66150051
116.6252358 -26.66165316
116.545256  -26.70465642
116.5455122 -26.7048155
116.5455034 -26.70448653
116.5451528 -26.70439266
116.5449447 -26.70466303
116.5451667 -26.7049243
116.4526347 -26.60102013
116.4524856 -26.60126583
116.4528481 -26.60122353
116.452916  -26.60090062
116.4525953 -26.60074255
116.4523287 -26.60096771
