-2.56489774914927e+06  5.08547287017408e+06 -2.86089772849682e+06 
-2.56487425915899e+06  5.08547324925815e+06 -2.86091797762867e+06 
-2.56490566442115e+06  5.08545516474415e+06 -2.86092194162512e+06 
-2.56492609849428e+06  5.08546157401504e+06 -2.86089242766584e+06 
-2.56490736831525e+06  5.08548357588935e+06 -2.86087025926927e+06 
-2.56487530630293e+06  5.08549080007813e+06 -2.86088605598661e+06 
-2.56498098062459e+06  5.08543595384997e+06 -2.86088878896678e+06 
-2.56495659316434e+06  5.08543744569136e+06 -2.86090787333714e+06 
-2.56498730317410e+06  5.08541864496859e+06 -2.86091371996470e+06 
-2.56500923702490e+06  5.08542378897622e+06 -2.86088510379401e+06 
-2.56499215904429e+06  5.08544573299578e+06 -2.86086156691253e+06 
-2.56495964225597e+06  5.08545417500346e+06 -2.86087561943727e+06 
-2.56495895553233e+06  5.08548338666516e+06 -2.86082465176103e+06 
-2.56498285761276e+06  5.08548249947236e+06 -2.86080493146285e+06 
-2.56495176027933e+06  5.08550090833156e+06 -2.86080012102592e+06 
-2.56493061969832e+06  5.08549510738630e+06 -2.86082919126126e+06 
-2.56494861691561e+06  5.08547310905952e+06 -2.86085200640010e+06 
-2.56498086612676e+06  5.08546532845403e+06 -2.86083702439157e+06 
-2.56488835272703e+06  5.08552313583955e+06 -2.86081734168858e+06 
-2.56486436078124e+06  5.08554048928209e+06 -2.86080806590883e+06 
-2.56486646807693e+06  5.08552177533757e+06 -2.86083923332939e+06 
-2.56489875793241e+06  5.08550495849851e+06 -2.86084017168288e+06 
-2.56491670140399e+06  5.08551325070912e+06 -2.86080955007365e+06 
-2.56489544516923e+06  5.08553523365100e+06 -2.86078966363332e+06 
-2.56482292739201e+06  5.08552467282774e+06 -2.86087289139783e+06 
-2.56482699859640e+06  5.08553824204055e+06 -2.86084530642301e+06 
-2.56479744590797e+06  5.08554114769665e+06 -2.86086649301064e+06 
-2.56480315880380e+06  5.08552126019666e+06 -2.86089652120089e+06 
-2.56483616203769e+06  5.08550610106027e+06 -2.86089389797679e+06 
-2.56485088018848e+06  5.08551658599463e+06 -2.86086227784492e+06 
-2.56481387042661e+06  5.08548620660177e+06 -2.86094887580241e+06 
-2.56478561411743e+06  5.08549565582389e+06 -2.86095735352918e+06 
-2.56480747871680e+06  5.08547375393948e+06 -2.86097655445941e+06 
-2.56483819709929e+06  5.08546903196452e+06 -2.86095753744060e+06 
-2.56483529801000e+06  5.08548803005432e+06 -2.86092657502007e+06 
-2.56480279678370e+06  5.08550449340182e+06 -2.86092644845703e+06 
-2.56487693736380e+06  5.08543432142762e+06 -2.86098432519591e+06 
-2.56487305334979e+06  5.08542066035825e+06 -2.86101190390132e+06 
-2.56490250712420e+06  5.08541791206257e+06 -2.86099052774078e+06 
-2.56489656219746e+06  5.08543786824314e+06 -2.86096058681029e+06 
-2.56486351510332e+06  5.08545291790781e+06 -2.86096344336889e+06 
-2.56484898381536e+06  5.08544227375837e+06 -2.86099517692810e+06 
-2.56495494693626e+06  5.08540738369103e+06 -2.86096241801374e+06 
-2.56494125887448e+06  5.08539922875317e+06 -2.86098900602635e+06 
-2.56497438840632e+06  5.08538882365786e+06 -2.86097787446656e+06 
-2.56498061668787e+06  5.08540410785590e+06 -2.86094534193124e+06 
-2.56495130834557e+06  5.08542392144352e+06 -2.86093645879864e+06 
-2.56492704722461e+06  5.08542085127250e+06 -2.86096348489726e+06 
-2.56486596944169e+06  5.08557886745267e+06 -2.86073886564421e+06 
-2.56485260028829e+06  5.08559743807160e+06 -2.86071797941185e+06 
-2.56483802435623e+06  5.08558685986084e+06 -2.86074963949601e+06 
-2.56486206767712e+06  5.08556523687778e+06 -2.86076640934783e+06 
-2.56489148728709e+06  5.08556244190070e+06 -2.86074514445959e+06 
-2.56488564652445e+06  5.08558236291626e+06 -2.86071516926489e+06 
-2.56480016383290e+06  5.08558344793238e+06 -2.86078938084061e+06 
-2.56481731711075e+06  5.08556472032230e+06 -2.86080717402555e+06 
-2.56482697842319e+06  5.08557822549292e+06 -2.86077472307181e+06 
-2.56479958369322e+06  5.08559894304831e+06 -2.86076253626573e+06 
-2.56477298772856e+06  5.08559824095864e+06 -2.86078746061860e+06 
-2.56478398056202e+06  5.08557707775520e+06 -2.86081504078965e+06 
-2.56473502349475e+06  5.08557340716609e+06 -2.86086511860773e+06 
-2.56475945750089e+06  5.08557183179439e+06 -2.86084614194280e+06 
-2.56472888993354e+06  5.08559067291601e+06 -2.86084009356916e+06 
-2.56470675577627e+06  5.08558565987428e+06 -2.86086865547013e+06 
-2.56472369087726e+06  5.08556374016963e+06 -2.86089227934932e+06 
-2.56475625333225e+06  5.08555516877926e+06 -2.86087841767929e+06 
-2.56472429330553e+06  5.08553380716528e+06 -2.86094459540823e+06 
-2.56475238185468e+06  5.08552537197976e+06 -2.86093447729750e+06 
-2.56472894535686e+06  5.08554711571434e+06 -2.86091695424698e+06 
-2.56469908626133e+06  5.08555045061257e+06 -2.86093765422506e+06 
-2.56470410522467e+06  5.08553077626227e+06 -2.86096792348757e+06 
-2.56473709250556e+06  5.08551527698852e+06 -2.86096591628388e+06 
-2.56474490142238e+06  5.08548389388125e+06 -2.86101437383948e+06 
-2.56472559359992e+06  5.08550247665395e+06 -2.86099875626711e+06 
-2.56471910583841e+06  5.08548736056397e+06 -2.86103122240256e+06 
-2.56474819272426e+06  5.08546746131709e+06 -2.86104045647241e+06 
-2.56477272040624e+06  5.08547026658245e+06 -2.86101366291658e+06 
-2.56475884063037e+06  5.08549188569105e+06 -2.86098785114483e+06 
-2.56480653874721e+06  5.08543312614821e+06 -2.86104912397351e+06 
-2.56483487795550e+06  5.08542161219093e+06 -2.86104421772969e+06 
-2.56481651072878e+06  5.08544362679448e+06 -2.86102170454951e+06 
-2.56478434745543e+06  5.08545113471087e+06 -2.86103708874205e+06 
-2.56478285720859e+06  5.08543374265172e+06 -2.86106912267946e+06 
-2.56481409638840e+06  5.08541550646355e+06 -2.86107350289169e+06 
-2.56488229720597e+06  5.08538450841077e+06 -2.86106750111063e+06 
-2.56486754147899e+06  5.08537710580989e+06 -2.86109371018303e+06 
-2.56490079147435e+06  5.08536585875330e+06 -2.86108395903484e+06 
-2.56490848604836e+06  5.08538038614879e+06 -2.86105145844307e+06 
-2.56488001256075e+06  5.08540059612333e+06 -2.86104113179814e+06 
-2.56485467037750e+06  5.08539860468925e+06 -2.86106721436977e+06 
-2.56496615857863e+06  5.08535491419112e+06 -2.86104507301015e+06 
-2.56498163061632e+06  5.08533618852684e+06 -2.86106435585968e+06 
-2.56499356540077e+06  5.08534841634843e+06 -2.86103213898741e+06 
-2.56496758320551e+06  5.08536961436271e+06 -2.86101785034081e+06 
-2.56493965401878e+06  5.08537048515086e+06 -2.86104118420262e+06 
-2.56494832348935e+06  5.08534983901797e+06 -2.86106991566609e+06 
-2.56502715698288e+06  5.08536468705100e+06 -2.86097349718385e+06 
-2.56503618264569e+06  5.08537573833885e+06 -2.86094594705979e+06 
-2.56500431711875e+06  5.08538249123967e+06 -2.86096240219341e+06 
-2.56500403216337e+06  5.08536464263514e+06 -2.86099416937363e+06 
-2.56503571520819e+06  5.08534684463583e+06 -2.86099737792509e+06 
-2.56505556963824e+06  5.08535371534939e+06 -2.86096756555275e+06 
-2.56507235069398e+06  5.08538780136470e+06 -2.86089243755361e+06 
-2.56504929607389e+06  5.08538769791424e+06 -2.86091315240789e+06 
-2.56508094976248e+06  5.08536995152030e+06 -2.86091629572305e+06 
-2.56510071055081e+06  5.08537687898143e+06 -2.86088646534041e+06 
-2.56508129849559e+06  5.08539887466436e+06 -2.86086491689678e+06 
-2.56504949638921e+06  5.08540559938584e+06 -2.86088136621484e+06 
-2.56506385686163e+06  5.08543610089904e+06 -2.86081472042380e+06 
-2.56503604449491e+06  5.08544976464455e+06 -2.86081536412184e+06 
-2.56504989400652e+06  5.08542813028558e+06 -2.86084122967882e+06 
-2.56508306203051e+06  5.08541751336457e+06 -2.86083043613805e+06 
-2.56508966359665e+06  5.08543261002774e+06 -2.86079790021510e+06 
-2.56506058945889e+06  5.08545251356180e+06 -2.86078865012794e+06 
-2.56501838661848e+06  5.08549192716161e+06 -2.86075664209869e+06 
-2.56504515108590e+06  5.08547660489797e+06 -2.86075986060498e+06 
-2.56503567013762e+06  5.08549745314687e+06 -2.86073149124529e+06 
-2.56500231526121e+06  5.08551065810224e+06 -2.86073788080923e+06 
-2.56499114084511e+06  5.08549801722809e+06 -2.86077015388625e+06 
-2.56501759259553e+06  5.08547697586495e+06 -2.86078374970460e+06 
-2.56494906945612e+06  5.08553895045802e+06 -2.86073534357334e+06 
-2.56497376494477e+06  5.08553703125279e+06 -2.86071673847794e+06 
-2.56494338954525e+06  5.08555607745303e+06 -2.86071015905395e+06 
-2.56492086347274e+06  5.08555145895311e+06 -2.86073837619310e+06 
-2.56493726677158e+06  5.08552956683620e+06 -2.86076242453268e+06 
-2.56496995032999e+06  5.08552063812884e+06 -2.86074908280770e+06 
-2.56504101161919e+06  5.08529712963397e+06 -2.86108043509320e+06 
-2.56504234690553e+06  5.08528134605446e+06 -2.86110711181843e+06 
-2.56506840363272e+06  5.08528263414251e+06 -2.86108163347078e+06 
-2.56505661329801e+06  5.08530393484158e+06 -2.86105452657409e+06 
-2.56502327140364e+06  5.08531581693134e+06 -2.86106324053628e+06 
-2.56501448702607e+06  5.08530184476331e+06 -2.86109573120682e+06 
-2.56509978589619e+06  5.08530578103350e+06 -2.86101281949896e+06 
-2.56512805817210e+06  5.08529358204647e+06 -2.86100917886084e+06 
-2.56511097504003e+06  5.08531555861967e+06 -2.86098559180864e+06 
-2.56507847823220e+06  5.08532399574677e+06 -2.86099963627017e+06 
-2.56507538391246e+06  5.08530728829825e+06 -2.86103188981872e+06 
-2.56510604476212e+06  5.08528850154597e+06 -2.86103775319158e+06 
-2.56514725141427e+06  5.08533099199884e+06 -2.86092603514957e+06 
-2.56513331379952e+06  5.08534962533815e+06 -2.86090554872590e+06 
-2.56511943713057e+06  5.08533858125410e+06 -2.86093740703185e+06 
-2.56514397403003e+06  5.08531707830165e+06 -2.86095352006289e+06 
-2.56517304267508e+06  5.08531477895491e+06 -2.86093169093454e+06 
-2.56516645691524e+06  5.08533491996386e+06 -2.86090199506576e+06 
-2.56514506525456e+06  5.08537682937988e+06 -2.86084704964352e+06 
-2.56511907429040e+06  5.08538061721618e+06 -2.86086350986396e+06 
-2.56514786763612e+06  5.08536055499693e+06 -2.86087328888677e+06 
-2.56517279387731e+06  5.08536295564656e+06 -2.86084684990981e+06 
-2.56515944458091e+06  5.08538452144023e+06 -2.86082066103357e+06 
-2.56512623965224e+06  5.08539546275706e+06 -2.86083091569738e+06 
-2.56514197768299e+06  5.08542059345386e+06 -2.86077252499814e+06 
-2.56513196753576e+06  5.08541012934183e+06 -2.86079991733626e+06 
-2.56516411762765e+06  5.08540259279512e+06 -2.86078459017284e+06 
-2.56516571793184e+06  5.08541989214455e+06 -2.86075261871736e+06 
-2.56513448258505e+06  5.08543818209325e+06 -2.86074814345791e+06 
-2.56511360693565e+06  5.08543215714993e+06 -2.86077737499819e+06 
-2.56511133437541e+06  5.08547365313030e+06 -2.86070612675705e+06 
-2.56512858127571e+06  5.08545493529957e+06 -2.86072381723779e+06 
-2.56513810015707e+06  5.08546853121133e+06 -2.86069133143869e+06 
-2.56511055634667e+06  5.08548921786179e+06 -2.86067933538084e+06 
-2.56508410342027e+06  5.08548835986816e+06 -2.86070441120117e+06 
-2.56509531605933e+06  5.08546714828219e+06 -2.86073187984004e+06 
-2.56504204014764e+06  5.08553096490512e+06 -2.86066664220894e+06 
-2.56502522534789e+06  5.08552508801598e+06 -2.86069199590839e+06 
-2.56505856855472e+06  5.08551223484692e+06 -2.86068499524354e+06 
-2.56506910580063e+06  5.08552526762453e+06 -2.86065259634787e+06 
-2.56504219979965e+06  5.08554618177668e+06 -2.86063962924892e+06 
-2.56501506858227e+06  5.08554605374587e+06 -2.86066401992067e+06 
-2.56496238516653e+06  5.08557824351798e+06 -2.86065409932010e+06 
-2.56494319590861e+06  5.08559681989389e+06 -2.86063838632887e+06 
-2.56493655151072e+06  5.08558176941773e+06 -2.86067088117818e+06 
-2.56496561359328e+06  5.08556184086289e+06 -2.86068018871112e+06 
-2.56499020407142e+06  5.08556459176622e+06 -2.86065342990421e+06 
-2.56497632619910e+06  5.08558621544846e+06 -2.86062760545021e+06 
-2.56487745786005e+06  5.08561789439325e+06 -2.86065971865467e+06 
-2.56489659735728e+06  5.08559930755237e+06 -2.86067549489938e+06 
-2.56490333131359e+06  5.08561431512251e+06 -2.86064299610804e+06 
-2.56487429156182e+06  5.08563428835631e+06 -2.86063358867597e+06 
-2.56484968028799e+06  5.08563158389328e+06 -2.86066028325772e+06 
-2.56486339333617e+06  5.08560998607644e+06 -2.86068620948346e+06 
-2.56479332774787e+06  5.08564614473148e+06 -2.86068475694399e+06 
-2.56476594905188e+06  5.08566060292126e+06 -2.86068360796438e+06 
-2.56477777483367e+06  5.08563930256235e+06 -2.86071069003556e+06 
-2.56481107632152e+06  5.08562744892004e+06 -2.86070196492681e+06 
-2.56481986567517e+06  5.08564143293738e+06 -2.86066944346871e+06 
-2.56479191064884e+06  5.08566194542530e+06 -2.86065811680346e+06 
-2.56471120332226e+06  5.08565088532277e+06 -2.86074952084131e+06 
-2.56469598719602e+06  5.08564378322365e+06 -2.86077561199127e+06 
-2.56472929791101e+06  5.08563221337784e+06 -2.86076637869541e+06 
-2.56473759445378e+06  5.08564645700207e+06 -2.86073383863425e+06 
-2.56470936322484e+06  5.08566681892056e+06 -2.86072302323827e+06 
-2.56468370891597e+06  5.08566515784007e+06 -2.86074880199156e+06 
-2.56465216464642e+06  5.08563779777413e+06 -2.86082520449052e+06 
-2.56463745289252e+06  5.08565648833716e+06 -2.86080530126819e+06 
-2.56462453272404e+06  5.08564486481448e+06 -2.86083733091385e+06 
-2.56464979657336e+06  5.08562347628562e+06 -2.86085260164581e+06 
-2.56467832650961e+06  5.08562187682457e+06 -2.86083002084954e+06 
-2.56467073851297e+06  5.08564226392981e+06 -2.86080077856778e+06 
-2.56463899496663e+06  5.08559589752472e+06 -2.86091091678748e+06 
-2.56463185968484e+06  5.08558384580588e+06 -2.86093855005321e+06 
-2.56466294827602e+06  5.08557853387801e+06 -2.86092024686602e+06 
-2.56466091048371e+06  5.08559725429182e+06 -2.86088900649773e+06 
-2.56462856519072e+06  5.08561409335909e+06 -2.86088807506970e+06 
-2.56461063429757e+06  5.08560580199652e+06 -2.86091868163613e+06 
-2.56463736614110e+06  5.08555014755313e+06 -2.86099314698755e+06 
-2.56461134031702e+06  5.08555395212884e+06 -2.86100960304171e+06 
-2.56464018164918e+06  5.08553387465681e+06 -2.86101937205138e+06 
-2.56466508348318e+06  5.08553631859436e+06 -2.86099288397525e+06 
-2.56465164798864e+06  5.08555789219691e+06 -2.86096675574990e+06 
-2.56461842125158e+06  5.08556876612117e+06 -2.86097714178845e+06 
-2.56466515057179e+06  5.08549373390007e+06 -2.86106801230034e+06 
-2.56466068363955e+06  5.08548035077752e+06 -2.86109561848828e+06 
-2.56469043080340e+06  5.08547714803554e+06 -2.86107478630344e+06 
-2.56468523154710e+06  5.08549686190190e+06 -2.86104460928006e+06 
-2.56465228678978e+06  5.08551226830519e+06 -2.86104674204282e+06 
-2.56463712576207e+06  5.08550205174885e+06 -2.86107827959525e+06 
-2.56472485216904e+06  5.08544232918541e+06 -2.86110561187227e+06 
-2.56470061720849e+06  5.08545955251325e+06 -2.86109678225770e+06 
-2.56470330167891e+06  5.08544061424696e+06 -2.86112782825963e+06 
-2.56473578498879e+06  5.08542405059337e+06 -2.86112814861667e+06 
-2.56475311573306e+06  5.08543278488413e+06 -2.86109729641238e+06 
-2.56473141772060e+06  5.08545468536444e+06 -2.86107795033796e+06 
-2.56478650846600e+06  5.08538577271676e+06 -2.86115056369967e+06 
-2.56477001309640e+06  5.08537962212486e+06 -2.86117611011695e+06 
-2.56480336706290e+06  5.08536705880286e+06 -2.86116859164332e+06 
-2.56481345059159e+06  5.08538031915577e+06 -2.86113620203379e+06 
-2.56478628346333e+06  5.08540113220256e+06 -2.86112364680839e+06 
-2.56475941614146e+06  5.08540072963007e+06 -2.86114828066567e+06 
-2.56487081856654e+06  5.08534362685471e+06 -2.86114989925674e+06 
-2.56488223414832e+06  5.08535325873485e+06 -2.86112272924216e+06 
-2.56484963992352e+06  5.08536187647604e+06 -2.86113653821069e+06 
-2.56484630620782e+06  5.08534528910010e+06 -2.86116879137138e+06 
-2.56487685427520e+06  5.08532638981763e+06 -2.86117495624316e+06 
-2.56489907752726e+06  5.08533129208845e+06 -2.86114651277241e+06 
-2.56495550316384e+06  5.08531407687827e+06 -2.86112666053836e+06 
-2.56498346206944e+06  5.08530081592788e+06 -2.86112517542612e+06 
-2.56496874419409e+06  5.08532253745979e+06 -2.86109993244348e+06 
-2.56493572206791e+06  5.08533258081507e+06 -2.86111160671194e+06 
-2.56493005949904e+06  5.08531702757304e+06 -2.86114410812074e+06 
-2.56495961702323e+06  5.08529737840199e+06 -2.86115247792792e+06 
-2.56507723891322e+06  5.08558737373844e+06 -2.86053567933209e+06 
-2.56510563869891e+06  5.08557655056661e+06 -2.86052949631561e+06 
-2.56508599485453e+06  5.08559855254916e+06 -2.86050813902561e+06 
-2.56505426065684e+06  5.08560510479219e+06 -2.86052483408363e+06 
-2.56505432715224e+06  5.08558711312475e+06 -2.86055654711151e+06 
-2.56508609301892e+06  5.08556947616209e+06 -2.86055939882745e+06 
-2.56487852183292e+06  5.08575162372936e+06 -2.86042260860569e+06 
-2.56485345549774e+06  5.08575402249571e+06 -2.86044069801973e+06 
-2.56488348484695e+06  5.08573468540102e+06 -2.86044810227143e+06 
-2.56490665695024e+06  5.08573877418815e+06 -2.86042024236503e+06 
-2.56489089780238e+06  5.08576064324430e+06 -2.86039565637363e+06 
-2.56485803198298e+06  5.08577002924944e+06 -2.86040835281404e+06 
-2.56454491078756e+06  5.08590935324277e+06 -2.86044116276323e+06 
-2.56453532335867e+06  5.08592738960735e+06 -2.86041784645934e+06 
-2.56451654292032e+06  5.08591973161098e+06 -2.86044809633854e+06 
-2.56453696236462e+06  5.08589771911993e+06 -2.86046878826964e+06 
-2.56456838614651e+06  5.08589178933652e+06 -2.86045127636824e+06 
-2.56456737145833e+06  5.08591013437727e+06 -2.86041978058713e+06 
-2.56412873584549e+06  5.08598488718357e+06 -2.86067834658553e+06 
-2.56414084977237e+06  5.08599407595570e+06 -2.86065133365328e+06 
-2.56410804647721e+06  5.08600325110995e+06 -2.86066433633558e+06 
-2.56410386054423e+06  5.08598702053504e+06 -2.86069672629870e+06 
-2.56413408855192e+06  5.08596783523812e+06 -2.86070369432616e+06 
-2.56415690552565e+06  5.08597224060922e+06 -2.86067559971172e+06 
-2.56375715125440e+06  5.08588502338150e+06 -2.86118546964070e+06 
-2.56374828337326e+06  5.08590291995891e+06 -2.86116176331460e+06 
-2.56372874676081e+06  5.08589578749952e+06 -2.86119174524354e+06 
-2.56374851385000e+06  5.08587376303455e+06 -2.86121303896011e+06 
-2.56378024474422e+06  5.08586730105291e+06 -2.86119620648612e+06 
-2.56378001480842e+06  5.08588535078920e+06 -2.86116454171123e+06 
-2.56362950339904e+06  5.08552755080127e+06 -2.86193013025235e+06 
-2.56365707558328e+06  5.08551339550178e+06 -2.86193058208213e+06 
-2.56364443563526e+06  5.08553484751885e+06 -2.86190396463081e+06 
-2.56361114666626e+06  5.08554620807469e+06 -2.86191353216923e+06 
-2.56360325829961e+06  5.08553175200310e+06 -2.86194606688086e+06 
-2.56363167309273e+06  5.08551149555981e+06 -2.86195653804139e+06 
-2.56398005989121e+06  5.08488713169516e+06 -2.86274838434549e+06 
-2.56395676679628e+06  5.08488729528589e+06 -2.86276881802125e+06 
-2.56398830925357e+06  5.08486936318070e+06 -2.86277239482520e+06 
-2.56400845572483e+06  5.08487600563553e+06 -2.86274275220150e+06 
-2.56398933945307e+06  5.08489802923944e+06 -2.86272090178954e+06 
-2.56395744526678e+06  5.08490497684934e+06 -2.86273701822722e+06 
-2.56499542764612e+06  5.08404725606880e+06 -2.86332653474278e+06 
-2.56501745412838e+06  5.08402920016861e+06 -2.86333878009406e+06 
-2.56501925327857e+06  5.08404646814407e+06 -2.86330672387770e+06 
-2.56498815019090e+06  5.08406480303646e+06 -2.86330206278342e+06 
-2.56496709966278e+06  5.08405893374298e+06 -2.86333114541022e+06 
-2.56498517274460e+06  5.08403690307764e+06 -2.86335391895608e+06 
-2.56670075537865e+06  5.08324079080144e+06 -2.86323084616579e+06 
-2.56672745588945e+06  5.08323578813327e+06 -2.86321589299200e+06 
-2.56669984716743e+06  5.08325643388774e+06 -2.86320406864173e+06 
-2.56667347880858e+06  5.08325545714580e+06 -2.86322927037940e+06 
-2.56668486798949e+06  5.08323417704101e+06 -2.86325665581550e+06 
-2.56671819874428e+06  5.08322206340838e+06 -2.86324833896182e+06 
-2.56882752079969e+06  5.08285422029831e+06 -2.86201773842540e+06 
-2.56884264391258e+06  5.08286135789417e+06 -2.86199166396398e+06 
-2.56880935944956e+06  5.08287291411383e+06 -2.86200095262078e+06 
-2.56880114613704e+06  5.08285864584671e+06 -2.86203344555800e+06 
-2.56882933890580e+06  5.08283827121128e+06 -2.86204425278821e+06 
-2.56885503091469e+06  5.08283992116809e+06 -2.86201843643276e+06 
-2.57072536750598e+06  5.08336390698766e+06 -2.85942474118991e+06 
-2.57070524520706e+06  5.08338238802077e+06 -2.85941007573150e+06 
-2.57070014221379e+06  5.08336659126018e+06 -2.85944252760660e+06 
-2.57072992291253e+06  5.08334707305860e+06 -2.85945039926886e+06 
-2.57075339608445e+06  5.08335085977289e+06 -2.85942275052563e+06 
-2.57073812695324e+06  5.08337265866365e+06 -2.85939789240982e+06 
-2.56510256583543e+06  5.08521944909265e+06 -2.86116276195546e+06 
-2.56509070394247e+06  5.08523787033204e+06 -2.86114080370138e+06 
-2.56507435921038e+06  5.08522844439466e+06 -2.86117199987363e+06 
-2.56509701026534e+06  5.08520658133518e+06 -2.86119042624994e+06 
-2.56512732471205e+06  5.08520253722048e+06 -2.86117057013746e+06 
-2.56512339383813e+06  5.08522187084829e+06 -2.86113993854055e+06 
-2.56534409797787e+06  5.08517560470940e+06 -2.86102506239677e+06 
-2.56537002813351e+06  5.08515944715046e+06 -2.86103049368295e+06 
-2.56536312557700e+06  5.08517966471493e+06 -2.86100094737574e+06 
-2.56532996322532e+06  5.08519424314099e+06 -2.86100474523044e+06 
-2.56531633336113e+06  5.08518304964018e+06 -2.86103664676445e+06 
-2.56534109231436e+06  5.08516156891548e+06 -2.86105251938567e+06 
-2.56555970962427e+06  5.08523357671509e+06 -2.86073065472829e+06 
-2.56557367803717e+06  5.08524155531504e+06 -2.86070412346238e+06 
-2.56554048510911e+06  5.08525216896993e+06 -2.86071495173062e+06 
-2.56553390541265e+06  5.08523707460303e+06 -2.86074746514843e+06 
-2.56556301315521e+06  5.08521715006199e+06 -2.86075671625783e+06 
-2.56558755683188e+06  5.08521993729875e+06 -2.86072993093340e+06 
-2.56563362832004e+06  5.08544098501863e+06 -2.86029854494627e+06 
-2.56565893179636e+06  5.08543823603362e+06 -2.86028085479372e+06 
-2.56562919886963e+06  5.08545776336978e+06 -2.86027286010145e+06 
-2.56560561178101e+06  5.08545407070861e+06 -2.86030039702158e+06 
-2.56562073425623e+06  5.08543231138086e+06 -2.86032535106190e+06 
-2.56565372145194e+06  5.08542250120400e+06 -2.86031328540063e+06 
-2.56543032033020e+06  5.08581265471987e+06 -2.85982323392724e+06 
-2.56540419461756e+06  5.08582860868917e+06 -2.85981833111075e+06 
-2.56541168308891e+06  5.08580826730147e+06 -2.85984759074812e+06 
-2.56544491938145e+06  5.08579398187967e+06 -2.85984321006435e+06 
-2.56545797615772e+06  5.08580551759158e+06 -2.85981119838908e+06 
-2.56543279655510e+06  5.08582692329430e+06 -2.85979582242918e+06 
-2.56484078973902e+06  5.08629993465666e+06 -2.85948765510010e+06 
-2.56481361775331e+06  5.08630591145898e+06 -2.85950130387205e+06 
-2.56484020979031e+06  5.08628489572963e+06 -2.85951474298162e+06 
-2.56486759256273e+06  5.08628468042072e+06 -2.85949072661911e+06 
-2.56485799195886e+06  5.08630551958044e+06 -2.85946246089959e+06 
-2.56482465278522e+06  5.08631865354973e+06 -2.85946895896558e+06 
-2.56385071456526e+06  5.08676779978374e+06 -2.85954291561541e+06 
-2.56387459960069e+06  5.08675042306797e+06 -2.85955234768175e+06 
-2.56387268068316e+06  5.08676908043806e+06 -2.85952108971674e+06 
-2.56384039897270e+06  5.08678596736288e+06 -2.85952000094239e+06 
-2.56382234658254e+06  5.08677776216303e+06 -2.85955057657406e+06 
-2.56384349737133e+06  5.08675579998239e+06 -2.85957054626701e+06 
-2.56261530616586e+06  5.08699196041369e+06 -2.86024671638029e+06 
-2.56260280562677e+06  5.08698301152852e+06 -2.86027365017704e+06 
-2.56263564540383e+06  5.08697355724339e+06 -2.86026112663199e+06 
-2.56264040590365e+06  5.08698952568703e+06 -2.86022868005521e+06 
-2.56261045375582e+06  5.08700886664959e+06 -2.86022116787783e+06 
-2.56258721636973e+06  5.08700483347713e+06 -2.86024897289658e+06 
-2.56151350993047e+06  5.08669493895542e+06 -2.86175135255563e+06 
-2.56148525923136e+06  5.08670421200904e+06 -2.86176009762283e+06 
-2.56150740852996e+06  5.08668235858258e+06 -2.86177898872470e+06 
-2.56153798860587e+06  5.08667788804520e+06 -2.86175969324395e+06 
-2.56153470440188e+06  5.08669700287532e+06 -2.86172886450291e+06 
-2.56150211836360e+06  5.08671327003115e+06 -2.86172911563375e+06 
-2.56113525781590e+06  5.08563409750396e+06 -2.86395957948341e+06 
-2.56112253380839e+06  5.08562529243641e+06 -2.86398641256160e+06 
-2.56115545215793e+06  5.08561564493495e+06 -2.86397418866653e+06 
-2.56116048561341e+06  5.08563149492937e+06 -2.86394176058426e+06 
-2.56113070024408e+06  5.08565092117033e+06 -2.86393395331565e+06 
-2.56110718957346e+06  5.08564712298322e+06 -2.86396153673348e+06 
-2.56217375792655e+06  5.08373376006655e+06 -2.86638716746058e+06 
-2.56215020131645e+06  5.08373419822215e+06 -2.86640731095289e+06 
-2.56218150928544e+06  5.08371609106174e+06 -2.86641141238572e+06 
-2.56220210429887e+06  5.08372238230684e+06 -2.86638204312912e+06 
-2.56218356484473e+06  5.08374438772099e+06 -2.86635973718875e+06 
-2.56215144498189e+06  5.08375172234677e+06 -2.86637533455051e+06 
-2.56451341720325e+06  5.08561175921790e+06 -2.86099472506119e+06 
-2.56452938207530e+06  5.08559303725798e+06 -2.86101356700626e+06 
-2.56454064153859e+06  5.08560565118765e+06 -2.86098126989997e+06 
-2.56451423810048e+06  5.08562672213245e+06 -2.86096757445168e+06 
-2.56448666656256e+06  5.08562710781532e+06 -2.86099144235136e+06 
-2.56449607192541e+06  5.08560628414348e+06 -2.86101983578250e+06 
-2.56447048971694e+06  5.08549132937226e+06 -2.86124557171920e+06 
-2.56446086665784e+06  5.08548063560330e+06 -2.86127301828883e+06 
-2.56449291368821e+06  5.08547340735265e+06 -2.86125724880454e+06 
-2.56449399003337e+06  5.08549092944904e+06 -2.86122535579869e+06 
-2.56446259564687e+06  5.08550901158801e+06 -2.86122138202040e+06 
-2.56444213297625e+06  5.08550267454129e+06 -2.86125078735363e+06 
-2.56458858622499e+06  5.08527557758383e+06 -2.86152131285530e+06 
-2.56458995128679e+06  5.08525980754312e+06 -2.86154793515647e+06 
-2.56461598185232e+06  5.08526111393343e+06 -2.86152245581803e+06 
-2.56460410429629e+06  5.08528246279265e+06 -2.86149534403870e+06 
-2.56457079593618e+06  5.08529427519535e+06 -2.86150414467113e+06 
-2.56456201458961e+06  5.08528030637644e+06 -2.86153662024115e+06 
-2.56493079807960e+06  5.08499256942429e+06 -2.86171619721882e+06 
-2.56495880375258e+06  5.08497929439379e+06 -2.86171469438680e+06 
-2.56494399278180e+06  5.08500107087323e+06 -2.86168944480184e+06 
-2.56491096186670e+06  5.08501107106193e+06 -2.86170120151704e+06 
-2.56490534410441e+06  5.08499551937679e+06 -2.86173365180719e+06 
-2.56493491781496e+06  5.08497586245180e+06 -2.86174201722606e+06 
-2.56550542356619e+06  5.08472089618671e+06 -2.86168404843485e+06 
-2.56547925828576e+06  5.08473680413903e+06 -2.86167927198549e+06 
-2.56548688818016e+06  5.08471639901384e+06 -2.86170849124782e+06 
-2.56552015660875e+06  5.08470221210877e+06 -2.86170390464032e+06 
-2.56553305668778e+06  5.08471385536287e+06 -2.86167186754575e+06 
-2.56550774434058e+06  5.08473524930065e+06 -2.86165664932572e+06 
-2.56622237372721e+06  5.08459063591446e+06 -2.86127538336353e+06 
-2.56624714967301e+06  5.08457369430892e+06 -2.86128321519811e+06 
-2.56624321331300e+06  5.08459303111306e+06 -2.86125258983679e+06 
-2.56621047823644e+06  5.08460905080045e+06 -2.86125347575270e+06 
-2.56619419917147e+06  5.08459960819766e+06 -2.86128464590888e+06 
-2.56621680612803e+06  5.08457777339848e+06 -2.86130304738433e+06 
-2.56686231004968e+06  5.08476247273350e+06 -2.86040175343549e+06 
-2.56687899509823e+06  5.08476845699855e+06 -2.86037631405119e+06 
-2.56684564606162e+06  5.08478121524871e+06 -2.86038351266999e+06 
-2.56683531848196e+06  5.08476808081675e+06 -2.86041591035359e+06 
-2.56686230932496e+06  5.08474718381749e+06 -2.86042875014989e+06 
-2.56688933170256e+06  5.08474743842653e+06 -2.86040421361781e+06 
-2.56708088872847e+06  5.08537793903036e+06 -2.85911980455059e+06 
-2.56710923335209e+06  5.08536646635047e+06 -2.85911479462686e+06 
-2.56709076048309e+06  5.08538849319440e+06 -2.85909235378076e+06 
-2.56705860483455e+06  5.08539592433004e+06 -2.85910790276410e+06 
-2.56705726449032e+06  5.08537850878304e+06 -2.85913986696887e+06 
-2.56708856210913e+06  5.08536031022284e+06 -2.85914410650628e+06 
-2.56647775502737e+06  5.08648022811576e+06 -2.85770962189310e+06 
-2.56644948079766e+06  5.08649237746522e+06 -2.85771336446894e+06 
-2.56646662610160e+06  5.08647044477078e+06 -2.85773684653277e+06 
-2.56649914128492e+06  5.08646202097251e+06 -2.85772273376084e+06 
-2.56650210452953e+06  5.08647875393372e+06 -2.85769050645026e+06 
-2.56647140482472e+06  5.08649753063220e+06 -2.85768469575282e+06 
-2.56472823032529e+06  5.08792587380907e+06 -2.85671336269297e+06 
-2.56473512891855e+06  5.08790843072436e+06 -2.85673806938897e+06 
-2.56475655795049e+06  5.08791398058835e+06 -2.85670914104544e+06 
-2.56473888865044e+06  5.08793594939405e+06 -2.85668603273994e+06 
-2.56470648727240e+06  5.08794400294606e+06 -2.85670067994115e+06 
-2.56470413238319e+06  5.08792702550677e+06 -2.85673281509090e+06 
-2.56179028192082e+06  5.08931332342669e+06 -2.85687696220163e+06 
-2.56178916247496e+06  5.08929851473467e+06 -2.85690416311140e+06 
-2.56181693443293e+06  5.08929788493815e+06 -2.85688054085594e+06 
-2.56180783438767e+06  5.08931862253471e+06 -2.85685195115516e+06 
-2.56177448813986e+06  5.08933202102098e+06 -2.85685794427613e+06 
-2.56176293275881e+06  5.08931961467475e+06 -2.85689018976487e+06 
-2.57031666045552e+06  5.08068723348861e+06 -2.86451054887383e+06 
-2.57028977115957e+06  5.08069263966927e+06 -2.86452499029884e+06 
-2.57031694633245e+06  5.08067181631741e+06 -2.86453745577421e+06 
-2.57034373857106e+06  5.08067229409966e+06 -2.86451273436376e+06 
-2.57033309864460e+06  5.08069341948089e+06 -2.86448499907161e+06 
-2.57029975355371e+06  5.08070598768956e+06 -2.86449257663810e+06 
-2.57297377645096e+06  5.07950621363577e+06 -2.86422151981079e+06 
-2.57295622824541e+06  5.07952496843102e+06 -2.86420414021137e+06 
-2.57294713477124e+06  5.07951112875380e+06 -2.86423663377366e+06 
-2.57297487038177e+06  5.07949051531778e+06 -2.86424819707845e+06 
-2.57300106571129e+06  5.07949160259117e+06 -2.86422290764707e+06 
-2.57298955199205e+06  5.07951290154619e+06 -2.86419566193850e+06 
-2.57212411372828e+06  5.07723244495758e+06 -2.86898008376071e+06 
-2.57210962373454e+06  5.07722481252338e+06 -2.86900640402257e+06 
-2.57214283844717e+06  5.07721375019535e+06 -2.86899627135147e+06 
-2.57215016732035e+06  5.07722852456660e+06 -2.86896377362559e+06 
-2.57212149135560e+06  5.07724870026352e+06 -2.86895384445993e+06 
-2.57209644627617e+06  5.07724641228225e+06 -2.86898016972307e+06 
-2.58031062796632e+06  5.07734634451303e+06 -2.86146811157012e+06 
-2.58028297957575e+06  5.07735357161999e+06 -2.86148013843608e+06 
-2.58030811078402e+06  5.07733208851781e+06 -2.86149549234736e+06 
-2.58033667778447e+06  5.07733031109462e+06 -2.86147303740578e+06 
-2.58032931798740e+06  5.07735067088405e+06 -2.86144374536177e+06 
-2.58029608260484e+06  5.07736507150326e+06 -2.86144813333968e+06 
-2.58568799312154e+06  5.07640402819258e+06 -2.85830548601578e+06 
-2.58569729103984e+06  5.07638600386714e+06 -2.85832892828932e+06 
-2.58571633361217e+06  5.07639342008322e+06 -2.85829873410195e+06 
-2.58569619513073e+06  5.07641548656294e+06 -2.85827790174736e+06 
-2.58566470158606e+06  5.07642172272280e+06 -2.85829519940869e+06 
-2.58566543023585e+06  5.07640348023480e+06 -2.85832672677675e+06 
-2.59006767281145e+06  5.07985588055952e+06 -2.84825747252769e+06 
-2.59004400850913e+06  5.07987342145926e+06 -2.84824777277792e+06 
-2.59004551811323e+06  5.07985495479096e+06 -2.84827912395505e+06 
-2.59007767189670e+06  5.07983774195279e+06 -2.84828057411319e+06 
-2.59009599600664e+06  5.07984563669804e+06 -2.84825003661453e+06 
-2.59007517315480e+06  5.07986767691224e+06 -2.84822979966135e+06 
-2.59777442458423e+06  5.07629626443386e+06 -2.84758965741092e+06 
-2.59779494551648e+06  5.07629880942007e+06 -2.84756655542303e+06 
-2.59776221729830e+06  5.07631474956635e+06 -2.84756798686263e+06 
-2.59774635980258e+06  5.07630515047717e+06 -2.84759935375783e+06 
-2.59776926907711e+06  5.07628328445964e+06 -2.84761731301393e+06 
-2.59779929608538e+06  5.07627932511741e+06 -2.84759711454093e+06 
-2.55774102526732e+06  5.08692245786955e+06 -2.86469974590202e+06 
-2.55771274530481e+06  5.08693167169943e+06 -2.86470857469684e+06 
-2.55773502816814e+06  5.08690980062103e+06 -2.86472738973324e+06 
-2.55776559043373e+06  5.08690541349033e+06 -2.86470802314448e+06 
-2.55776220819995e+06  5.08692459114028e+06 -2.86467719646467e+06 
-2.55772960362368e+06  5.08694080002413e+06 -2.86467752265244e+06 
-2.55456084093616e+06  5.08651239713856e+06 -2.86823947009783e+06 
-2.55455237231638e+06  5.08653022087023e+06 -2.86821556504586e+06 
-2.55453243145748e+06  5.08652336425033e+06 -2.86824528429846e+06 
-2.55455176484867e+06  5.08650134215079e+06 -2.86826697290056e+06 
-2.55458364876539e+06  5.08649461484344e+06 -2.86825061628540e+06 
-2.55458397128827e+06  5.08651247811623e+06 -2.86821886444405e+06 
-2.55128606352190e+06  5.09005128585258e+06 -2.86489678691818e+06 
-2.55127873384912e+06  5.09006884118164e+06 -2.86487228868644e+06 
-2.55125768439887e+06  5.09006288289408e+06 -2.86490142363626e+06 
-2.55127586119642e+06  5.09004088865986e+06 -2.86492416042962e+06 
-2.55130814165492e+06  5.09003328296243e+06 -2.86490902860103e+06 
-2.55130988673955e+06  5.09005058060241e+06 -2.86487695803273e+06 
-2.55234952595813e+06  5.08479596330427e+06 -2.87321362770951e+06 
-2.55237550709460e+06  5.08477992420125e+06 -2.87321889710821e+06 
-2.55236844051055e+06  5.08480022133566e+06 -2.87318945264474e+06 
-2.55233519338555e+06  5.08481464561363e+06 -2.87319343309898e+06 
-2.55232176970755e+06  5.08480322004654e+06 -2.87322536261262e+06 
-2.55234673360586e+06  5.08478176783420e+06 -2.87324104534688e+06 
-2.55250531560449e+06  5.08117368612871e+06 -2.87943467317829e+06 
-2.55251915863730e+06  5.08118185346755e+06 -2.87940816790425e+06 
-2.55248600003688e+06  5.08119227612286e+06 -2.87941909578456e+06 
-2.55247951947552e+06  5.08117700971722e+06 -2.87945156149694e+06 
-2.55250870493240e+06  5.08115715263517e+06 -2.87946066901670e+06 
-2.55253317855625e+06  5.08116017241175e+06 -2.87943382619508e+06 
-2.55688397998145e+06  5.07607499720843e+06 -2.88450402379630e+06 
-2.55687171831113e+06  5.07609354360385e+06 -2.88448240089125e+06 
-2.55685584425220e+06  5.07608363918650e+06 -2.88451369064426e+06 
-2.55687883502507e+06  5.07606180628461e+06 -2.88453161134214e+06 
-2.55690891539518e+06  5.07605819359643e+06 -2.88451144093454e+06 
-2.55690455337039e+06  5.07607780291153e+06 -2.88448100468599e+06 
-2.55453469126329e+06  5.07365887836751e+06 -2.89078710237941e+06 
-2.55456295525889e+06  5.07364973582039e+06 -2.89077823183589e+06 
-2.55454071205499e+06  5.07367167424813e+06 -2.89075950949280e+06 
-2.55451012722844e+06  5.07367594274462e+06 -2.89077891426150e+06 
-2.55451349522296e+06  5.07365663948862e+06 -2.89080961055083e+06 
-2.55454610030389e+06  5.07364042228240e+06 -2.89080926342200e+06 
-2.56640534441937e+06  5.08885868679300e+06 -2.85356511435065e+06 
-2.56637738635904e+06  5.08887192909100e+06 -2.85356663309806e+06 
-2.56639218507456e+06  5.08885022171212e+06 -2.85359186505334e+06 
-2.56642518887801e+06  5.08884020278791e+06 -2.85358012866887e+06 
-2.56643076725057e+06  5.08885572613680e+06 -2.85354764725671e+06 
-2.56640120808468e+06  5.08887533692407e+06 -2.85353931540194e+06 
-2.57082486373685e+06  5.08824532546249e+06 -2.85069854905911e+06 
-2.57082645891394e+06  5.08822950787139e+06 -2.85072516395581e+06 
-2.57085230374388e+06  5.08823092884572e+06 -2.85069949319475e+06 
-2.57084020255651e+06  5.08825225267387e+06 -2.85067252690825e+06 
-2.57080692377767e+06  5.08826398488255e+06 -2.85068153679026e+06 
-2.57079840738446e+06  5.08824993095018e+06 -2.85071408275267e+06 
-2.56390124904405e+06  5.09223279398121e+06 -2.84981973283742e+06 
-2.56391718511431e+06  5.09221410665689e+06 -2.84983865954349e+06 
-2.56392851672940e+06  5.09222661121274e+06 -2.84980633873218e+06 
-2.56390211536462e+06  5.09224765795265e+06 -2.84979257642860e+06 
-2.56387451447077e+06  5.09224815606141e+06 -2.84981635783713e+06 
-2.56388386139721e+06  5.09222740083835e+06 -2.84984484340219e+06 
-2.56054250561400e+06  5.09549390330874e+06 -2.84702794131562e+06 
-2.56057081562934e+06  5.09548411697973e+06 -2.84702004822527e+06 
-2.56054948796058e+06  5.09550598054074e+06 -2.84700023281233e+06 
-2.56051851462622e+06  5.09551117619711e+06 -2.84701866621616e+06 
-2.56052068370330e+06  5.09549252780025e+06 -2.84704988116774e+06 
-2.56055299473804e+06  5.09547578551507e+06 -2.84705078006521e+06 
-2.55617975628067e+06  5.09897240614237e+06 -2.84473505786721e+06 
-2.55620606153932e+06  5.09895663893003e+06 -2.84473965128781e+06 
-2.55619812928169e+06  5.09897697950222e+06 -2.84471051635524e+06 
-2.55616484130349e+06  5.09899101325934e+06 -2.84471524147915e+06 
-2.55615216994802e+06  5.09897933144484e+06 -2.84474734989226e+06 
-2.55617762056387e+06  5.09895808318485e+06 -2.84476246488651e+06 
-2.54810123642508e+06  5.10060724707081e+06 -2.84901973988464e+06 
-2.54812050399668e+06  5.10058876718095e+06 -2.84903548569387e+06 
-2.54812704100751e+06  5.10060381185037e+06 -2.84900292407290e+06 
-2.54809791853202e+06  5.10062358529325e+06 -2.84899363275471e+06 
-2.54807337663116e+06  5.10062079693388e+06 -2.84902039414581e+06 
-2.54808732576391e+06  5.10059928621357e+06 -2.84904625475385e+06 
-2.54214707214276e+06  5.10933136580118e+06 -2.83875718024801e+06 
-2.54212834618739e+06  5.10932706761544e+06 -2.83878152146826e+06 
-2.54216160677308e+06  5.10931286282083e+06 -2.83877733085892e+06 
-2.54217479815392e+06  5.10932419315619e+06 -2.83874534050930e+06 
-2.54214969318656e+06  5.10934544342300e+06 -2.83872968065044e+06 
-2.54212094313931e+06  5.10934727098753e+06 -2.83875198705142e+06 
