 2.07161692342715e-09  5.81789916182946e-10  3.21432944738059e-09 
-2.11441104074209e+01 -2.26909075121218e+01 -7.55772863616500e-05 
 1.50404455964808e+01 -2.71329017302467e+01 -7.57017687664785e-05 
 3.03990767755962e+01  5.93999259014689e+00 -7.51745554308236e-05 
 3.76758429343030e+00  3.07815604612460e+01 -7.57434679403701e-05 
-2.81127003765403e+01  1.30799993547099e+01 -7.53898373968553e-05 
 9.09387979648403e+01  1.00171698477197e+01 -6.55757217930208e-04 
 6.84922667678075e+01 -1.13683448140157e+01 -3.77686772193186e-04 
 1.04378581666603e+02 -1.79202401651395e+01 -8.78789485643239e-04 
 1.21646090372500e+02  1.41464558509250e+01 -1.17501153564081e-03 
 9.65158420768774e+01  4.05216871571553e+01 -8.59073477428751e-04 
 6.36810910444872e+01  2.47748909026545e+01 -3.66029766798448e-04 
 4.99132383640634e+01  8.18883133389948e+01 -7.23314261854568e-04 
 7.16541031721415e+01  1.03986311378450e+02 -1.25385595463712e-03 
 3.55984257811286e+01  1.09376921248843e+02 -1.04150327489094e-03 
 1.93350347584821e+01  7.68015344329513e+01 -4.93849340788444e-04 
 4.53104935167357e+01  5.12353005707834e+01 -3.67579278410801e-04 
 7.76084891278383e+01  6.80236745376348e+01 -8.36281922300230e-04 
-3.10255562684160e+01  9.00798738497648e+01 -7.14490353146857e-04 
-6.02617997426750e+01  1.00473986998331e+02 -1.07957368113887e-03 
-4.99529372866395e+01  6.55485253185086e+01 -5.33879190996345e-04 
-1.35494224541754e+01  6.44971176886647e+01 -3.42009359933115e-04 
-1.26249546879108e+00  9.88110114640615e+01 -7.69102273203259e-04 
-3.01408900266006e+01  1.21095223059372e+02 -1.22610274917179e-03 
-9.01337171939529e+01  2.78317228335429e+01 -6.97445291617527e-04 
-9.26092164704294e+01  5.87429017269000e+01 -9.43653201172623e-04 
-1.20304275407533e+02  3.50013887882368e+01 -1.23029907524952e-03 
-1.06247617555143e+02  1.35243019795904e+00 -8.84485779697020e-04 
-6.99536544612190e+01  4.29222791884612e+00 -3.84807142376431e-04 
-6.15339401293659e+01  3.97252486941558e+01 -4.20920416797088e-04 
-8.08981186918133e+01 -5.73152831168251e+01 -7.71420344801044e-04 
-1.10382407692782e+02 -6.68155652268715e+01 -1.30611358163790e-03 
-8.09973275074789e+01 -8.83317458940650e+01 -1.12847694040141e-03 
-5.14435293982309e+01 -6.70212768301190e+01 -5.61098366294033e-04 
-6.25873143023225e+01 -3.23251721815400e+01 -3.89170166609887e-04 
-9.90203692343439e+01 -3.21835804402833e+01 -8.49694902132825e-04 
-1.22271286278797e+00 -9.70393195251922e+01 -7.41771367323452e-04 
 1.46128740723569e+00 -1.27943874456475e+02 -1.28943564778439e-03 
 2.89971663247584e+01 -1.03989885901998e+02 -9.17567145855003e-04 
 1.47024076113184e+01 -7.04382765733346e+01 -4.07699771180603e-04 
-2.15814190828156e+01 -7.36393209672969e+01 -4.63578274143117e-04 
-2.97625917477873e+01 -1.09199740548001e+02 -1.00857115234732e-03 
 8.05600351044051e+01 -7.24905555335565e+01 -9.22285846279181e-04 
 7.20107991925991e+01 -1.02284833953530e+02 -1.23022895920855e-03 
 1.06276672426201e+02 -8.98111238738007e+01 -1.52010183548867e-03 
 1.04954854405548e+02 -5.33554404752284e+01 -1.08716255975594e-03 
 6.98639229505316e+01 -4.34008557604963e+01 -5.30726169067464e-04 
 4.95845776241005e+01 -7.36859362471425e+01 -6.20238310624188e-04 
-7.61080787083195e+01  1.78017805761840e+02 -2.94970285445117e-03 
-9.64077215176076e+01  2.01422107783894e+02 -3.92347739912680e-03 
-1.04658449099180e+02  1.65944752176993e+02 -3.02694235602985e-03 
-7.34536596836977e+01  1.47153165691993e+02 -2.12814110579984e-03 
-4.59272632762980e+01  1.70982104405878e+02 -2.46777827628364e-03 
-6.01131818334384e+01  2.04571289866562e+02 -3.57914191884845e-03 
-1.36926329013408e+02  1.21411406480322e+02 -2.62974426156859e-03 
-1.13177275538265e+02  1.01473046241661e+02 -1.81442984649038e-03 
-1.10632720964563e+02  1.37836767610571e+02 -2.45520136568445e-03 
-1.44422132181510e+02  1.51492618463831e+02 -3.44151618206467e-03 
-1.67852581633308e+02  1.23562783688755e+02 -3.40965129804971e-03 
-1.48507170700707e+02  9.26573719079817e+01 -2.40390733566898e-03 
-1.90566289920328e+02  3.65406541317357e+01 -2.95009236871735e-03 
-1.68040583837390e+02  5.78058564386829e+01 -2.47528814626818e-03 
-2.03817909390394e+02  6.45830119120295e+01 -3.58285297058103e-03 
-2.21323241852541e+02  3.25768089546702e+01 -3.92095604606091e-03 
-1.96331515405860e+02  6.10470337402036e+00 -3.02260977858992e-03 
-1.63397726103308e+02  2.16383322239042e+01 -2.12844417515790e-03 
-1.82314089520731e+02 -5.25197749660822e+01 -2.82112389983169e-03 
-1.53436232269379e+02 -4.11811475049987e+01 -1.97788492287287e-03 
-1.84153587613102e+02 -2.15454452454651e+01 -2.69324323460829e-03 
-2.12315524717411e+02 -4.47420295219652e+01 -3.68904019270744e-03 
-1.98974441523060e+02 -7.86612542306714e+01 -3.58885486215854e-03 
-1.62541550427783e+02 -7.64114766290050e+01 -2.52955850555381e-03 
-1.41436684578841e+02 -1.30712470504887e+02 -2.91279685192336e-03 
-1.67044232728162e+02 -1.13211799266416e+02 -3.19542233390990e-03 
-1.66029798417591e+02 -1.49593224462101e+02 -3.92198988684100e-03 
-1.31098023380511e+02 -1.59940499140436e+02 -3.36114852940739e-03 
-1.10461381666005e+02 -1.29915503742802e+02 -2.28518556232871e-03 
-1.32589748485614e+02 -1.00991171812173e+02 -2.18050040306395e-03 
-6.35409402940181e+01 -1.69652775685838e+02 -2.58316093884048e-03 
-3.30528345583698e+01 -1.64154723696549e+02 -2.20790940319660e-03 
-5.93659917529106e+01 -1.38926588075228e+02 -1.79620304702865e-03 
-9.14644581355879e+01 -1.56166274745871e+02 -2.57615412061085e-03 
-8.49629931700859e+01 -1.92063470396991e+02 -3.47082931605769e-03 
-4.88584238934076e+01 -1.96971754275775e+02 -3.24271631623674e-03 
 2.59948823114342e+01 -1.90246078151048e+02 -2.90353387258335e-03 
 1.61535699655081e+01 -2.19616029207234e+02 -3.81912558572139e-03 
 5.09061559508549e+01 -2.08688946720898e+02 -3.63308551621344e-03 
 5.12343458100830e+01 -1.72268726450352e+02 -2.54295381820668e-03 
 1.67103248454335e+01 -1.60696598758924e+02 -2.05571890384704e-03 
-5.02004432103508e+00 -1.89924730065872e+02 -2.84294797464213e-03 
 1.14198777324788e+02 -1.65113623900415e+02 -3.16884455271804e-03 
 1.36445833368176e+02 -1.86722215602537e+02 -4.20445495539923e-03 
 1.41595512893878e+02 -1.50620050021269e+02 -3.35742465723143e-03 
 1.08850943085111e+02 -1.34607903112640e+02 -2.35527226970333e-03 
 8.35218017433138e+01 -1.60755588462862e+02 -2.58182503580429e-03 
 1.00559913230110e+02 -1.92952207416746e+02 -3.72446571243756e-03 
 1.64261193285256e+02 -8.49065947212550e+01 -2.68151677024520e-03 
 1.67343239631359e+02 -5.40342142124158e+01 -2.42375245204940e-03 
 1.35850622056419e+02 -7.24733014201726e+01 -1.85945902064333e-03 
 1.43633843243254e+02 -1.08071462747460e+02 -2.53606536642792e-03 
 1.79937397447503e+02 -1.11667413544342e+02 -3.51853256603363e-03 
 1.94570686839852e+02 -7.82600867502893e+01 -3.44812707255571e-03 
 1.94204173727811e+02  5.92745504863020e+00 -2.95735715554013e-03 
 1.73666086993838e+02 -1.72850069132972e+01 -2.38623120084558e-03 
 2.09920190919635e+02 -2.08079143438778e+01 -3.48624338093728e-03 
 2.24444316088301e+02  1.26193199040017e+01 -3.95890015430833e-03 
 1.97206788063970e+02  3.67665856860632e+01 -3.15312602173812e-03 
 1.65783486335468e+02  1.83342222628004e+01 -2.17956645661133e-03 
 1.64869904017565e+02  9.30161632253534e+01 -2.81085267273085e-03 
 1.33884096506198e+02  9.22952170244980e+01 -2.07513510031987e-03 
 1.55992309016559e+02  6.33105928703695e+01 -2.22196653980689e-03 
 1.90387940673035e+02  7.54051317738446e+01 -3.28743385301777e-03 
 1.89483866932003e+02  1.11864134050153e+02 -3.79827579902781e-03 
 1.54561543604655e+02  1.22230020405192e+02 -3.04815995088603e-03 
 9.91312125459555e+01  1.58097887970669e+02 -2.73843286330333e-03 
 1.29928256882738e+02  1.54491044203912e+02 -3.20226678780244e-03 
 1.12074587403003e+02  1.86281057062660e+02 -3.71701413590131e-03 
 7.63466687119404e+01  1.79121379732006e+02 -2.98358948529653e-03 
 7.20619031075117e+01  1.42957149371111e+02 -2.01640429874317e-03 
 1.05155178772543e+02  1.27721813948707e+02 -2.15104312853498e-03 
 1.60646151564245e+01  1.81964747485906e+02 -2.62804525674198e-03 
 3.89786262847287e+01  2.02812965076197e+02 -3.35865302125171e-03 
 3.28052899674363e+00  2.10185706059600e+02 -3.48029089035151e-03 
-1.47524025195088e+01  1.78566490286892e+02 -2.52838206445460e-03 
 9.75207276930915e+00  1.51618645800126e+02 -1.81799483365097e-03 
 4.29548994029597e+01  1.66568921187513e+02 -2.32975103894262e-03 
 2.07054218660530e+02 -2.04741601971307e+02 -6.66006335734437e-03 
 2.15354168123895e+02 -2.34635796691127e+02 -7.96920976183912e-03 
 2.38039262183693e+02 -2.06085053984367e+02 -7.78393264199906e-03 
 2.17919872439411e+02 -1.75708652366202e+02 -6.15185254181938e-03 
 1.82799262577467e+02 -1.85472968857503e+02 -5.32710666364267e-03 
 1.81247992778185e+02 -2.21882088616719e+02 -6.45099223174839e-03 
 2.55635808393000e+02 -1.28972478483515e+02 -6.42952823083931e-03 
 2.86372637590625e+02 -1.24893453475818e+02 -7.65307180721209e-03 
 2.61223130061875e+02 -9.84613807024193e+01 -6.10923585537648e-03 
 2.28408416757766e+02 -1.14198887567371e+02 -5.11413487610213e-03 
 2.33169364179652e+02 -1.50342191560605e+02 -6.03933843783011e-03 
 2.69005494484053e+02 -1.56913391355787e+02 -7.60814704393908e-03 
 2.86663034984767e+02 -3.17233001372290e+01 -6.51684409102593e-03 
 2.65827588228825e+02 -8.76603220099578e+00 -5.54184286324322e-03 
 2.58411002234282e+02 -4.44658871562372e+01 -5.38693277048097e-03 
 2.90002438267224e+02 -6.25226680323638e+01 -6.89632656586525e-03 
 3.16992276192557e+02 -3.80618296868807e+01 -7.98596141368968e-03 
 3.02042107184930e+02 -4.78466720684113e+00 -7.14865681050258e-03 
 2.64069433777221e+02  5.67870616556973e+01 -5.71679061659935e-03 
 2.39157248684863e+02  3.83425553887565e+01 -4.59650189435656e-03 
 2.73900322197984e+02  2.73836536565513e+01 -5.93618173153310e-03 
 2.95075031662387e+02  5.70101924185497e+01 -7.07693633213324e-03 
 2.73444320585507e+02  8.63573685630641e+01 -6.44492824110188e-03 
 2.38869654920664e+02  7.48669236804729e+01 -4.91139080027381e-03 
 2.41604652211297e+02  1.40298040739518e+02 -6.12316169297600e-03 
 2.37379174641699e+02  1.09602988783914e+02 -5.36045895275095e-03 
 2.69478764663545e+02  1.26777568873628e+02 -6.95477833212266e-03 
 2.63117315475340e+02  1.62604017115570e+02 -7.50590121779737e-03 
 2.26991958933715e+02  1.67619560240760e+02 -6.24932031968228e-03 
 2.11065987797435e+02  1.34863811605947e+02 -4.92242661056963e-03 
 1.90350277757749e+02  2.14702725286479e+02 -6.46909853475108e-03 
 2.14178519608592e+02  1.94878983048318e+02 -6.58474111531859e-03 
 2.16555039519664e+02  2.31281417218692e+02 -7.88676198645533e-03 
 1.82646436761882e+02  2.44724298653922e+02 -7.33029959069142e-03 
 1.59413908459648e+02  2.16625546735297e+02 -5.68675800830931e-03 
 1.78977364005521e+02  1.85844838778243e+02 -5.22966674667202e-03 
 1.02671013151761e+02  2.58948692704481e+02 -6.10699187154751e-03 
 9.03041619284990e+01  2.30538370961027e+02 -4.82476291249156e-03 
 1.25863243574552e+02  2.38382758548611e+02 -5.71665139122501e-03 
 1.29402618573612e+02  2.74687690810054e+02 -7.25448721944133e-03 
 9.59610444062384e+01  2.89218396962302e+02 -7.30943464985501e-03 
 7.17941740562769e+01  2.61887341511441e+02 -5.80553591952082e-03 
 1.02591599166639e+01  2.73004178877880e+02 -5.87831778240400e-03 
-1.52396454303278e+01  2.90611517692487e+02 -6.66985977639456e-03 
-1.43946137780324e+01  2.54199074672109e+02 -5.10546300272097e-03 
 2.05282133256490e+01  2.43769393128882e+02 -4.71319411948912e-03 
 4.12454040650560e+01  2.73754236594203e+02 -6.03563687585051e-03 
 1.91166772413658e+01  3.02692115677346e+02 -7.24479907138686e-03 
-8.34252199823936e+01  2.66707101813305e+02 -6.14761835220179e-03 
-5.79661316113995e+01  2.49028987558537e+02 -5.14754868999034e-03 
-5.87118780540469e+01  2.85445860399490e+02 -6.68734049574482e-03 
-9.36348867578666e+01  2.95987230883670e+02 -7.58686051813129e-03 
-1.14391558413238e+02  2.66074186982225e+02 -6.60094419653490e-03 
-9.24216451637556e+01  2.37022414690399e+02 -5.09385301697307e-03 
-1.71263881688532e+02  2.38649253947736e+02 -6.78344407940301e-03 
-2.02220236613829e+02  2.39936300487014e+02 -7.73769350240627e-03 
-1.82069350580129e+02  2.09589393342540e+02 -6.05662896813897e-03 
-1.46997628860803e+02  2.19366907702248e+02 -5.48285182371444e-03 
-1.45447252115693e+02  2.55809287504837e+02 -6.81117566075784e-03 
-1.79644585851324e+02  2.68501070945039e+02 -8.20620176439490e-03 
-2.46724741158624e+02  1.66075735557435e+02 -6.94103833468773e-03 
-2.57112451118066e+02  1.36838534979615e+02 -6.65352212001125e-03 
-2.22160291067850e+02  1.47185772501716e+02 -5.57267610616918e-03 
-2.21166835225095e+02  1.83649207310846e+02 -6.48828592969153e-03 
-2.55542975749933e+02  1.95767943309170e+02 -8.13420492319494e-03 
-2.77700797108258e+02  1.66880613459973e+02 -8.23474294449511e-03 
-2.93544700798131e+02  8.12656222961685e+01 -7.27052260014460e-03 
-3.15097118819273e+02  1.03568186811148e+02 -8.62282412082038e-03 
-3.21398743730524e+02  6.76763387450597e+01 -8.45295793970990e-03 
-2.89209766953982e+02  5.05650478806690e+01 -6.75385057057198e-03 
-2.63016098533506e+02  7.58691904696939e+01 -5.87266555393384e-03 
-2.78971953086142e+02  1.08637063452123e+02 -7.02631018204869e-03 
-2.86434780908870e+02 -1.47818568742467e+01 -6.44455121364107e-03 
-2.87378453729337e+02 -4.57473704289593e+01 -6.63459340594841e-03 
-2.57228439361208e+02 -2.52363886820070e+01 -5.23359461915263e-03 
-2.67478157927408e+02  9.77090157010312e+00 -5.61227516509977e-03 
-3.03941180882531e+02  1.08138194096565e+01 -7.24622002426401e-03 
-3.16217258915121e+02 -2.34837524985872e+01 -7.87684613914408e-03 
-2.67286810616858e+02 -1.06927795527731e+02 -6.49723753612363e-03 
-2.92237659076887e+02 -1.25368923284762e+02 -7.92829656841576e-03 
-2.57444871444650e+02 -1.36315283453373e+02 -6.65565939530666e-03 
-2.36311447888543e+02 -1.06632447482941e+02 -5.27025058111263e-03 
-2.58022638826342e+02 -7.73537660167339e+01 -5.68676209805830e-03 
-2.92586427982712e+02 -8.89930339336996e+01 -7.33014335689575e-03 
-2.17074653609658e+02 -1.90820758213298e+02 -6.55930901496049e-03 
-2.15036286881167e+02 -2.21756306141556e+02 -7.49554379892459e-03 
-1.87033802782263e+02 -1.98411239852069e+02 -5.84097323954325e-03 
-2.00553658339839e+02 -1.64595044939142e+02 -5.28467117234754e-03 
-2.36906759849688e+02 -1.66985648022766e+02 -6.59293505215430e-03 
-2.45842760624695e+02 -2.02326840507008e+02 -7.95884900603028e-03 
-1.40620405671358e+02 -2.32953894631242e+02 -5.82318589295028e-03 
-1.70015034898399e+02 -2.23059744811145e+02 -6.18314980205525e-03 
-1.59089815699193e+02 -2.57849946474088e+02 -7.21920018237654e-03 
-1.22627587518604e+02 -2.58208534153425e+02 -6.42907456490605e-03 
-1.11086822684266e+02 -2.23635252759782e+02 -4.90571862847844e-03 
-1.40322530879814e+02 -2.01956259603038e+02 -4.75485229432593e-03 
-6.01009175217834e+01 -2.83326624507810e+02 -6.60533777492844e-03 
-7.20593057980665e+01 -3.11954292636224e+02 -8.07132969288205e-03 
-3.66211421884289e+01 -3.03528846287903e+02 -7.36118244671502e-03 
-3.35893581338033e+01 -2.67232708774579e+02 -5.71288176369933e-03 
-6.72185536872193e+01 -2.53163356773592e+02 -5.40181148417673e-03 
-9.10261682633192e+01 -2.80768418983897e+02 -6.85780366669064e-03 
 3.41559319876943e+01 -2.82581946195647e+02 -6.38055686184202e-03 
 4.00110471264642e+01 -2.52135009734801e+02 -5.13232852918577e-03 
 7.02801879105213e+00 -2.67609388783690e+02 -5.64423298966688e-03 
 1.15211463222973e+01 -3.03752616057296e+02 -7.27721967609796e-03 
 4.73072522309727e+01 -3.10661130099391e+02 -7.77645601709764e-03 
 6.49420171053130e+01 -2.78787139359474e+02 -6.45178331920704e-03 
 1.23074932048750e+02 -2.56540986389308e+02 -6.37007701982384e-03 
 1.54010190906288e+02 -2.54877097865300e+02 -6.97455907975097e-03 
 1.31087390412491e+02 -2.26589393983424e+02 -5.38991964545232e-03 
 9.70803160529889e+01 -2.39671337276056e+02 -5.26245961624738e-03 
 9.90283962206220e+01 -2.76092685126409e+02 -6.77188716251464e-03 
 1.34267772904322e+02 -2.85472299257790e+02 -7.83077405721144e-03 
 1.08696544219187e+02  4.05699766303227e+02 -1.38888295036566e-02 
 1.38927660424023e+02  4.12627838216099e+02 -1.49218010583354e-02 
 1.11480339007439e+02  4.36559955553320e+02 -1.59840012824475e-02 
 8.01953417179654e+01  4.17852601501417e+02 -1.42553485630117e-02 
 8.83567857568741e+01  3.82316542590890e+02 -1.21235915833893e-02 
 1.24661770130319e+02  3.79120743618914e+02 -1.25377792914492e-02 
-1.42696712541033e+02  5.32400030879913e+02 -2.39196310315322e-02 
-1.66157797404315e+02  5.12129864735665e+02 -2.28197086700561e-02 
-1.30637679830716e+02  5.03833526167171e+02 -2.13299935115856e-02 
-1.11789387599401e+02  5.35051803038854e+02 -2.35263950550006e-02 
-1.35708337952318e+02  5.62601052343257e+02 -2.63718132906092e-02 
-1.69279831106509e+02  5.48373838153681e+02 -2.59290338253209e-02 
-5.11595800342526e+02  5.11599827223654e+02 -4.11179353636157e-02 
-5.28278284784228e+02  5.37725943804189e+02 -4.46361210974828e-02 
-5.41598112096551e+02  5.03829230656078e+02 -4.29718620873984e-02 
-5.13453552110242e+02  4.80644252618863e+02 -3.88479660640542e-02 
-4.82726022614437e+02  5.00268269040138e+02 -3.79660716369585e-02 
-4.91893207536371e+02  5.35560152635632e+02 -4.15451666011677e-02 
-9.17198729164890e+02  2.45800302320807e+02 -7.06617510852539e-02 
-9.10520543841190e+02  2.76070437886106e+02 -7.09497260126426e-02 
-9.43941260130898e+02  2.61497686581394e+02 -7.51880074505920e-02 
-9.40369723861151e+02  2.25202956485120e+02 -7.32695233435550e-02 
-9.04740589121355e+02  2.17397432684643e+02 -6.78474317645623e-02 
-8.86351945027618e+02  2.48880550567628e+02 -6.64234466723741e-02 
-1.20400273137551e+03 -3.22499919472358e+02 -1.21753977154754e-01 
-1.21997980705454e+03 -2.95935850774138e+02 -1.23494037373433e-01 
-1.23421145777723e+03 -3.29535365121214e+02 -1.27885383609197e-01 
-1.20664397096733e+03 -3.53394763536473e+02 -1.23897403775857e-01 
-1.17540257006705e+03 -3.34529084165075e+02 -1.17045354768351e-01 
-1.18373609415990e+03 -2.99045902295853e+02 -1.16814886044409e-01 
-1.15699674453550e+03 -1.15700005518112e+03 -2.10299930847896e-01 
-1.12600402929215e+03 -1.15750361220486e+03 -2.04848718882033e-01 
-1.14695015144431e+03 -1.12767567226280e+03 -2.03209985526428e-01 
-1.18178864703694e+03 -1.13840109225117e+03 -2.11479862683916e-01 
-1.18232198647754e+03 -1.17486240460636e+03 -2.18221591309430e-01 
-1.14782944581823e+03 -1.18659414734078e+03 -2.14107200140006e-01 
-5.55601134404895e+02 -2.07400035148537e+03 -3.62965964442878e-01 
-5.76472402027529e+02 -2.09690275830958e+03 -3.72340370044299e-01 
-5.40233982522513e+02 -2.10090993728130e+03 -3.70495016372956e-01 
-5.25237149339810e+02 -2.06768671502860e+03 -3.58335489042815e-01 
-5.52223156019336e+02 -2.04319861813262e+03 -3.52684746353134e-01 
-5.83829044632029e+02 -2.06126282849596e+03 -3.61337139707416e-01 
 7.29201439107059e+02 -2.72199950710014e+03 -6.25208561042200e-01 
 7.56999121435342e+02 -2.73572608183981e+03 -6.34345337886089e-01 
 7.50829343402157e+02 -2.69979622650028e+03 -6.18234982029890e-01 
 7.14801837250359e+02 -2.69456986050888e+03 -6.11877960466472e-01 
 6.98649630155628e+02 -2.72716554397331e+03 -6.24008267873023e-01 
 7.24707388545891e+02 -2.75269227362411e+03 -6.37930956469745e-01 
 2.61499994047570e+03 -2.61499942704668e+03 -1.07427792726139e+00 
 2.64109272269325e+03 -2.59824508213540e+03 -1.07814263388150e+00 
 2.60714457902543e+03 -2.58498509967743e+03 -1.05877197488144e+00 
 2.58404103333086e+03 -2.61322687948110e+03 -1.06093881933680e+00 
 2.60379297263066e+03 -2.64392506958868e+03 -1.08167685345711e+00 
 2.63900790556725e+03 -2.63461068546587e+03 -1.09226791114293e+00 
 4.68799705297722e+03 -1.25599954628031e+03 -1.84593417933741e+00 
 4.69828572951274e+03 -1.22678183781078e+03 -1.84778629574043e+00 
 4.66336314511627e+03 -1.23717863437970e+03 -1.82419219040952e+00 
 4.66245509996049e+03 -1.27359303166412e+03 -1.83072963545146e+00 
 4.69680262745878e+03 -1.28571742012506e+03 -1.85835708651678e+00 
 4.71899911911641e+03 -1.25679335517721e+03 -1.86893786998405e+00 
 6.15299478975339e+03  1.64899910372470e+03 -3.18004279868535e+00 
 6.12670583948125e+03  1.66544361106740e+03 -3.15904601060288e+00 
 6.12926320750512e+03  1.62908206265400e+03 -3.15206638917869e+00 
 6.16464287038152e+03  1.62024511070117e+03 -3.18387892526948e+00 
 6.18389600691107e+03  1.65121441862476e+03 -3.21048356466429e+00 
 6.16044617260897e+03  1.67907781689051e+03 -3.19511485400847e+00 
 2.96995231085924e+02 -2.96999471653598e+02 -1.38573113535756e-02 
 2.78108638127304e+02 -2.72392397668470e+02 -1.19028954811284e-02 
 2.67759714268130e+02 -3.07350937387008e+02 -1.30565670233693e-02 
 2.97829509666961e+02 -3.28000450786255e+02 -1.54222057313120e-02 
 3.26717391011205e+02 -3.05750146131676e+02 -1.57249837467504e-02 
 3.14501260608296e+02 -2.71423744972181e+02 -1.35509325559582e-02 
 5.32395088369440e+02 -1.42700471884550e+02 -2.38086694270265e-02 
 5.62823357766334e+02 -1.48788079453109e+02 -2.65591347267460e-02 
 5.47555857210824e+02 -1.15677916483117e+02 -2.45414121321588e-02 
 5.11381330916090e+02 -1.19932257146361e+02 -2.16194481910676e-02 
 5.04252394250814e+02 -1.55680736727658e+02 -2.18282472871323e-02 
 5.36032084734012e+02 -1.73468897581228e+02 -2.48792672794167e-02 
 6.98801107592794e+02  1.87199584552039e+02 -4.10149403149518e-02 
 7.07680068447362e+02  2.16929144544391e+02 -4.29395214940911e-02 
 6.73263671618818e+02  2.04797238316758e+02 -3.88133097034995e-02 
 6.74186237976548e+02  1.68363688865150e+02 -3.78399075778049e-02 
 7.09148025805968e+02  1.57995255179884e+02 -4.13621893723572e-02 
 7.29807067330571e+02  1.88008891271691e+02 -4.45089222890829e-02 
 6.71399698931179e+02  6.71400166536475e+02 -7.08168357004411e-02 
 6.95230230646326e+02  6.91221116714798e+02 -7.54953402165484e-02 
 6.59889108228932e+02  7.00181247991959e+02 -7.27254621256748e-02 
 6.40491905077126e+02  6.69326476106373e+02 -6.74213863301816e-02 
 6.63792979160102e+02  6.41363613672097e+02 -6.69156107883282e-02 
 6.97663859563689e+02  6.54881685594651e+02 -7.19082271043590e-02 
 3.22501385494565e+02  1.20400042432146e+03 -1.22319460548169e-01 
 2.91990191236814e+02  1.20949466054691e+03 -1.21895067105925e-01 
 3.07836595412441e+02  1.17670949498188e+03 -1.16478136206410e-01 
 3.43945194208157e+02  1.18161702934465e+03 -1.19233383516359e-01 
 3.50408334753794e+02  1.21748522100396e+03 -1.26362344198753e-01 
 3.18286845146982e+02  1.23471445611865e+03 -1.28007225749798e-01 
-4.23303749296690e+02  1.58000028745416e+03 -2.10653503153253e-01 
-4.50256170760337e+02  1.56470666386123e+03 -2.08710083607912e-01 
-4.17049181561215e+02  1.54965001048511e+03 -2.02760671968463e-01 
-3.92503092434409e+02  1.57655981788760e+03 -2.07829694703150e-01 
-4.10459505179664e+02  1.60822936527098e+03 -2.16903002692789e-01 
-4.46141436702330e+02  1.60094745120906e+03 -2.17456926252339e-01 
-1.51799834160124e+03  1.51799965795925e+03 -3.62007102106645e-01 
-1.48884707420517e+03  1.50743497315416e+03 -3.52622998760353e-01 
-1.49896226351543e+03  1.54245672223562e+03 -3.63403135079125e-01 
-1.53539006721334e+03  1.54367225802960e+03 -3.72357823706693e-01 
-1.54781342683172e+03  1.50941231851627e+03 -3.67120341991949e-01 
-1.51903853061009e+03  1.48704074994902e+03 -3.54927321372656e-01 
-2.72199659761712e+03  7.29199588408845e+02 -6.22316334331344e-01 
-2.72912800237319e+03  6.99018162054674e+02 -6.21966713295080e-01 
-2.69554901343211e+03  7.13058282619322e+02 -6.09258264957305e-01 
-2.69848949494233e+03  7.49414677305262e+02 -6.14688503158675e-01 
-2.73394242386671e+03  7.57824574647296e+02 -6.30774663935881e-01 
-2.75287404945127e+03  7.26664420722506e+02 -6.35268921235365e-01 
-3.57199657505190e+03 -9.57100072848374e+02 -1.07169102349701e+00 
-3.60139652218048e+03 -9.66908768404995e+02 -1.08969893953514e+00 
-3.57177906565870e+03 -9.88071081519947e+02 -1.07631407950953e+00 
-3.54246198498922e+03 -9.66438912912962e+02 -1.05664496888613e+00 
-3.55400219641159e+03 -9.31893326809593e+02 -1.05789556942932e+00 
-3.59042262728674e+03 -9.32185069678574e+02 -1.07832253485100e+00 
-3.43200285606943e+03 -3.43199937668402e+03 -1.85041052044380e+00 
-3.43939855251785e+03 -3.46207838810810e+03 -1.87072376328911e+00 
-3.40566239905226e+03 -3.44836755560535e+03 -1.84517087782547e+00 
-3.40830582741391e+03 -3.41201992196718e+03 -1.82694254679313e+00 
-3.44364824846048e+03 -3.40327843594947e+03 -1.84122137222130e+00 
-3.46292969980090e+03 -3.43420169092234e+03 -1.86830642612563e+00 
-1.64899521323694e+03 -6.15299738861602e+03 -3.19480853365712e+00 
-1.67022540748437e+03 -6.17558376151730e+03 -3.22226013084537e+00 
-1.63411752297392e+03 -6.18017729872393e+03 -3.21738337947590e+00 
-1.61856204396782e+03 -6.14724838501704e+03 -3.18144890117310e+00 
-1.64502483886570e+03 -6.12224389000027e+03 -3.16405173196927e+00 
-1.67700650865225e+03 -6.13973480707010e+03 -3.18926662114654e+00 
-4.05701717538290e+02 -1.08699866227405e+02 -1.38247675623617e-02 
-3.83016294900227e+02 -1.29813355176402e+02 -1.28197146523590e-02 
-3.78643459865371e+02 -9.36212548921435e+01 -1.19219010577041e-02 
-4.11706920459645e+02 -7.82752738929139e+01 -1.37612845206547e-02 
-4.36498275188723e+02 -1.05022307676833e+02 -1.57947486823673e-02 
-4.18723160955517e+02 -1.36839259209142e+02 -1.52099425208334e-02 
-3.89797782783945e+02 -3.89799897168492e+02 -2.38701381310022e-02 
-3.93574222812833e+02 -4.20557215669033e+02 -2.60649284358578e-02 
-3.61705485851927e+02 -4.02884638237199e+02 -2.30331812873601e-02 
-3.68635068151542e+02 -3.67144925185963e+02 -2.12621306631320e-02 
-4.04808844122297e+02 -3.62692948590881e+02 -2.31980295542940e-02 
-4.20225533259915e+02 -3.95645617066537e+02 -2.61626074015453e-02 
-1.87195371392260e+02 -6.98799988042016e+02 -4.12052615484413e-02 
-1.78874933291587e+02 -7.28634109403271e+02 -4.43207265981869e-02 
-1.56221440012904e+02 -7.00080424657234e+02 -4.05130365040236e-02 
-1.76440394309813e+02 -6.69697985893383e+02 -3.77621935250545e-02 
-2.11499680862479e+02 -6.79560909591932e+02 -3.98757877529761e-02 
-2.13049752574379e+02 -7.15954588420650e+02 -4.39273913870011e-02 
 2.45799013457850e+02 -9.17199504404688e+02 -7.09900774896255e-02 
 2.76782369897526e+02 -9.15515972221341e+02 -7.20154930555168e-02 
 2.53751703544388e+02 -8.87219155519421e+02 -6.70406317822767e-02 
 2.19756220792509e+02 -9.00393852130413e+02 -6.76344903629342e-02 
 2.21743606101030e+02 -9.36759849516224e+02 -7.29651584986755e-02 
 2.57000926807538e+02 -9.46135382452864e+02 -7.56778224379673e-02 
 8.81203109160793e+02 -8.81199855384377e+02 -1.21989963031240e-01 
 8.50677308724286e+02 -8.75844969824875e+02 -1.17107359311888e-01 
 8.66678687146884e+02 -9.08591046791000e+02 -1.23862317287660e-01 
 9.02771614700673e+02 -9.03453523357852e+02 -1.28132225461172e-01 
 9.09046416913113e+02 -8.67551160291457e+02 -1.24015046306511e-01 
 8.76811702292020e+02 -8.50494406724686e+02 -1.17197326007215e-01 
 1.58000238749437e+03 -4.23300332190746e+02 -2.09679326626059e-01 
 1.60975317753864e+03 -4.32080625397124e+02 -2.17705080561245e-01 
 1.59753071841888e+03 -3.97759623877967e+02 -2.12390953872159e-01 
 1.56108865729933e+03 -3.98747839240128e+02 -2.03435577076277e-01 
 1.55080587016797e+03 -4.33676532728355e+02 -2.03218776310962e-01 
 1.58082356535034e+03 -4.54301399691662e+02 -2.12025448783663e-01 
 2.07399722083935e+03  5.55599418552577e+02 -3.61286425490789e-01 
 2.08619986779678e+03  5.84103100970752e+02 -3.67821929512019e-01 
 2.05067832516390e+03  5.76042631908187e+02 -3.55573582100817e-01 
 2.04737193126100e+03  5.39740430205602e+02 -3.51321902163903e-01 
 2.08088153358273e+03  5.25347480108656e+02 -3.60951691424560e-01 
 2.10489422349235e+03  5.52837582736942e+02 -3.71160121675501e-01 
 1.99199956001204e+03  1.99199931406044e+03 -6.23379661662966e-01 
 2.02247391272595e+03  1.99760762091335e+03 -6.34725834653068e-01 
 1.99606091906030e+03  2.02275467008071e+03 -6.34373422219937e-01 
 1.96400383679182e+03  2.00533853876750e+03 -6.18903067546398e-01 
 1.97064972174638e+03  1.96952457060203e+03 -6.09739664176914e-01 
 2.00678952442189e+03  1.96476886027019e+03 -6.19526852076206e-01 
 9.57095540073655e+02  3.57199933960439e+03 -1.07667345737036e+00 
 9.26379319365449e+02  3.56780894942270e+03 -1.06978487583683e+00 
 9.51564578364981e+02  3.54150088104324e+03 -1.05875940477813e+00 
 9.84389696221325e+02  3.55730845207744e+03 -1.07257575929316e+00 
 9.79500227382419e+02  3.59341198469894e+03 -1.09215668864044e+00 
 9.43633932122621e+02  3.59992423064959e+03 -1.09044266863998e+00 
-1.25600294241890e+03  4.68799891369322e+03 -1.85451807374579e+00 
-1.24198839424786e+03  4.66032465624135e+03 -1.83139969358990e+00 
-1.22535438754279e+03  4.69273087252493e+03 -1.85205644111488e+00 
-1.25102376629905e+03  4.71861346863740e+03 -1.87622142824262e+00 
-1.28358054072542e+03  4.70220292603552e+03 -1.87050952312507e+00 
-1.27803779813927e+03  4.66620675906803e+03 -1.84283722155101e+00 
-4.50399677953071e+03  4.50399802568984e+03 -3.18691897559688e+00 
-4.49832759040142e+03  4.47353001536841e+03 -3.16137778914140e+00 
-4.47324735740169e+03  4.50000020912769e+03 -3.16245865077985e+00 
-4.49071110238781e+03  4.53201967365628e+03 -3.19749972452519e+00 
-4.52651846843303e+03  4.52529350884417e+03 -3.21799610546600e+00 
-4.53124899792483e+03  4.48917097576622e+03 -3.19570650876290e+00 
 6.99344366742421e+03 -4.05106266581793e+03 -5.12396947356137e+00 
 6.96700061427538e+03 -4.06723611249246e+03 -5.10539118726501e+00 
 7.00064163320825e+03 -4.08122788966208e+03 -5.15118117047246e+00 
 7.02434833980823e+03 -4.05352965048473e+03 -5.15948194789598e+00 
 7.00533505956467e+03 -4.02242933348532e+03 -5.11880331798147e+00 
 6.96990262009762e+03 -4.03090374120983e+03 -5.08538664348225e+00 
 9.89773176281899e+03 -3.72902466685347e+03 -8.76971766892211e+00 
 9.87361784993549e+03 -3.70952468825080e+03 -8.72094409996748e+00 
 9.87173093473286e+03 -3.74594581863295e+03 -8.73941137594647e+00 
 9.90577781900218e+03 -3.75893403920917e+03 -8.79983921380267e+00 
 9.92867709787078e+03 -3.73060462935282e+03 -8.81870983769818e+00 
 9.90880547389960e+03 -3.70004884374720e+03 -8.76994597962039e+00 
 1.01630290189040e+04 -9.06432835264072e+03 -1.45624752933600e+01 
 1.01535284699470e+04 -9.09383613112434e+03 -1.45895541904151e+01 
 1.01881663655721e+04 -9.08250132066736e+03 -1.46285250836472e+01 
 1.01880568147927e+04 -9.04605846281691e+03 -1.45763173428077e+01 
 1.01533674450140e+04 -9.03489599938708e+03 -1.45051429073865e+01 
 1.01320358917735e+04 -9.06439981458304e+03 -1.45133013735781e+01 
 1.74211927869559e+04 -6.51202424454695e+02 -2.38092684319880e+01 
 1.73932519583727e+04 -6.64641716930296e+02 -2.37344566637538e+01 
 1.74253650931418e+04 -6.81892296013586e+02 -2.38238802334752e+01 
 1.74516719954579e+04 -6.56764637004445e+02 -2.38931083361419e+01 
 1.74359321933631e+04 -6.23916989230457e+02 -2.38467772796883e+01 
 1.73997725309437e+04 -6.28784432926974e+02 -2.37485771760455e+01 
 2.26468034394397e+04  2.88417873317191e+03 -4.08338469041107e+01 
 2.26632220083788e+04  2.85788622048979e+03 -4.08802348344288e+01 
 2.26768847654286e+04  2.89168908675031e+03 -4.09440719907284e+01 
 2.26489667550902e+04  2.91507822606276e+03 -4.08556372965104e+01 
 2.26180389682724e+04  2.89575466302224e+03 -4.07371167054455e+01 
 2.26269045774848e+04  2.86041778466855e+03 -4.07525198505377e+01 
 2.50028173480060e+04  1.41317599285554e+04 -6.47026987309955e+01 
 2.49737892296519e+04  1.41426745002811e+04 -6.46133541294621e+01 
 2.49834530796391e+04  1.41075632281712e+04 -6.45730511457159e+01 
 2.50199134282274e+04  1.41058678841201e+04 -6.47121097568606e+01 
 2.50327192020754e+04  1.41400239240207e+04 -6.48383102548196e+01 
 2.50042019690603e+04  1.41627320757455e+04 -6.47771455190668e+01 
 3.34868886394160e+04  1.48596046522727e+04 -1.05239841227166e+02 
 3.35040650027190e+04  1.48854162256127e+04 -1.05390456937997e+02 
 3.34676648844488e+04  1.48839105349867e+04 -1.05195948144096e+02 
 3.34578289714363e+04  1.48488288912003e+04 -1.05062222568527e+02 
 3.34881306542382e+04  1.48286475138010e+04 -1.05173969672721e+02 
 3.35167237166958e+04  1.48511790826420e+04 -1.05376732905230e+02 
-7.04277479505903e+03 -4.26317164481845e+03 -5.31710751781111e+00 
-7.07217420061736e+03 -4.27308486714401e+03 -5.35628082049129e+00 
-7.04242953968182e+03 -4.29415927011502e+03 -5.33761130405992e+00 
-7.01316592122828e+03 -4.27243365870396e+03 -5.29073071150219e+00 
-7.02482194931226e+03 -4.23788452190642e+03 -5.28039196707778e+00 
-7.06123269086954e+03 -4.23827049086128e+03 -5.32082856362626e+00 
-9.69759136755807e+03 -8.23346935791493e+03 -1.27063851716903e+01 
-9.71317915242086e+03 -8.20667616318890e+03 -1.26953961063195e+01 
-9.72789595785187e+03 -8.24001227574614e+03 -1.27609910651886e+01 
-9.70071677019569e+03 -8.26431124705780e+03 -1.27512092306474e+01 
-9.66921925836624e+03 -8.24594602775185e+03 -1.26795331203598e+01 
-9.67697554229527e+03 -8.21034801035886e+03 -1.26451501456640e+01 
-1.42151719943894e+04 -4.49009195727320e+03 -1.74179798199261e+01 
-1.42296219848352e+04 -4.46264610784372e+03 -1.74308271240009e+01 
-1.42457331534019e+04 -4.49532412208116e+03 -1.74898220172945e+01 
-1.42195991966168e+04 -4.52078229890409e+03 -1.74496222543467e+01 
-1.41873520665566e+04 -4.50378340353375e+03 -1.73657777821115e+01 
-1.41935834764913e+04 -4.46783977520685e+03 -1.73542347159882e+01 
-1.08990473543629e+04 -1.38133144544762e+04 -2.43337468662867e+01 
-1.08686269094434e+04 -1.38191995071747e+04 -2.42946797731538e+01 
-1.08840766967387e+04 -1.37861815013238e+04 -2.42492205205881e+01 
-1.09202574976752e+04 -1.37906781282063e+04 -2.43207885436241e+01 
-1.09270978328981e+04 -1.38265031800003e+04 -2.44104191894048e+01 
-1.08951479938298e+04 -1.38440687515409e+04 -2.43940806543033e+01 
-9.12875124024348e+03 -2.07927382728512e+04 -4.05789602376080e+01 
-9.12006922051280e+03 -2.07629813407224e+04 -4.04691571466083e+01 
-9.15436895575883e+03 -2.07752721209584e+04 -4.05584703037675e+01 
-9.15328040199314e+03 -2.08117122701413e+04 -4.06762635968771e+01 
-9.11827960411073e+03 -2.08219095926814e+04 -4.06596015397190e+01 
-9.09778782849748e+03 -2.07917651881331e+04 -4.05315620757137e+01 
-2.92313326643460e+03 -2.64811226630348e+04 -5.58993001248273e+01 
-2.94243316748580e+03 -2.64568456645466e+04 -5.58069492040177e+01 
-2.95214637273267e+03 -2.64919848550508e+04 -5.59579721634818e+01 
-2.92178683563653e+03 -2.65121019189652e+04 -5.60279817828505e+01 
-2.89330223473965e+03 -2.64894448788152e+04 -5.59204270758637e+01 
-2.90602747333794e+03 -2.64552693417575e+04 -5.57837004153062e+01 
-3.93269655721316e+03 -3.35389903708562e+04 -8.98050085895429e+01 
-3.90334350826669e+03 -3.35290144160401e+04 -8.97342944043467e+01 
-3.93308308766631e+03 -3.35079875362221e+04 -8.96415342045020e+01 
-3.96231342623582e+03 -3.35297996034988e+04 -8.97747780595837e+01 
-3.95061354852425e+03 -3.35642858833888e+04 -8.99497604586377e+01 
-3.91419860861417e+03 -3.35638844774847e+04 -8.99252021158409e+01 
-1.78633480520539e+02  8.21412744638679e+03 -5.31659303623792e+00 
-2.09559585053649e+02  8.21242619854304e+03 -5.31533252394456e+00 
-1.86570978611892e+02  8.18417046574514e+03 -5.27812965357498e+00 
-1.52591265872008e+02  8.19731396106735e+03 -5.29418469251232e+00 
-1.54601060426075e+02  8.23368830975649e+03 -5.34130547609448e+00 
-1.89824617804228e+02  8.24301825640506e+03 -5.35436345500511e+00 
 4.04361355326600e+03  1.14232006329478e+04 -1.15583061682364e+01 
 4.05216086641364e+03  1.13934007231180e+04 -1.15101752032479e+01 
 4.07459692291809e+03  1.14221336554376e+04 -1.15760911333273e+01 
 4.05418956801434e+03  1.14523307271756e+04 -1.16174987680206e+01 
 4.01919280681503e+03  1.14422547708122e+04 -1.15771955842420e+01 
 4.01791763139513e+03  1.14058178230808e+04 -1.15108234469226e+01 
-3.93389375812129e+03  1.24070895945928e+04 -1.33363847338960e+01 
-3.91124964883401e+03  1.23859085680065e+04 -1.32811075001946e+01 
-3.90676313833896e+03  1.24220924161632e+04 -1.33490590511738e+01 
-3.93981384769520e+03  1.24374887270079e+04 -1.33995206285927e+01 
-3.96468204135136e+03  1.24108582099017e+04 -1.33628021441664e+01 
-3.94698992706923e+03  1.23789747429247e+04 -1.32895853030432e+01 
-8.40135412086767e+03  1.55298710640522e+04 -2.45246593678139e+01 
-8.37167007230347e+03  1.55387247095986e+04 -2.45073192780019e+01 
-8.40055848778526e+03  1.55608829200144e+04 -2.45995519967828e+01 
-8.43055323352314e+03  1.55402323081690e+04 -2.45885168445293e+01 
-8.42021872625938e+03  1.55053033953359e+04 -2.44894670022913e+01 
-8.38382987457099e+03  1.55043215408480e+04 -2.44391655293011e+01 
-1.38631540584342e+04  1.80909945859534e+04 -4.08330804860361e+01 
-1.38325666548221e+04  1.80858881857133e+04 -4.07521652703499e+01 
-1.38488089331750e+04  1.81184715535489e+04 -4.08802994655352e+01 
-1.38848503497622e+04  1.81131447406517e+04 -4.09434046013221e+01 
-1.38909035679597e+04  1.80772096767948e+04 -4.08541467937885e+01 
-1.38586110001919e+04  1.80603318351892e+04 -4.07359072333047e+01 
-2.18123925016692e+04  1.32844168857675e+04 -5.11720178365558e+01 
-2.17868672226924e+04  1.32668350507627e+04 -5.10480665846289e+01 
-2.17878055216241e+04  1.33032829180137e+04 -5.11275443429922e+01 
-2.18227124209088e+04  1.33136233597407e+04 -5.12684802139975e+01 
-2.18433693713360e+04  1.32836309900930e+04 -5.12763145426352e+01 
-2.18212278879626e+04  1.32547208428547e+04 -5.11401469555258e+01 
-3.10573364839412e+04  2.47477578420591e+04 -1.23801917313112e+02 
-3.10721206673304e+04  2.47204987599596e+04 -1.23767667772583e+02 
-3.10360266863485e+04  2.47252740963384e+04 -1.23610644415845e+02 
-3.10293508761289e+04  2.47610678610755e+04 -1.23717698067157e+02 
-3.10613357300331e+04  2.47785029843279e+04 -1.23941311693216e+02 
-3.10878286483354e+04  2.47534908867178e+04 -1.23972722603175e+02 
