-0.000000000000  -0.000000000000   0.000000000000 
 93.550000000000  9.945000000000   0.000000000000 
 52.250000000000  79.040000000000  0.000000000000 
-32.250000000000  88.920000000000  0.000000000000 
-93.090000000000  27.480000000000  0.000000000000 
-75.130000000000 -57.000000000000  0.000000000000 
-3.236000000000  -96.920000000000  0.000000000000 
 70.470000000000 -64.030000000000  0.000000000000 
-73.330000000000  171.300000000000  0.000000000000 
-141.700000000000  125.900000000000  0.000000000000 
-183.500000000000  37.590000000000  0.000000000000 
-187.800000000000 -50.830000000000  0.000000000000 
-141.100000000000 -130.600000000000  0.000000000000 
-60.690000000000 -176.900000000000  0.000000000000 
 26.360000000000 -183.200000000000  0.000000000000 
 113.500000000000 -158.400000000000  0.000000000000 
 169.500000000000 -82.770000000000  0.000000000000 
 191.500000000000  6.176000000000   0.000000000000 
 160.500000000000  92.730000000000  0.000000000000 
 100.700000000000  161.100000000000  0.000000000000 
 15.480000000000  188.900000000000  0.000000000000 
 203.200000000000 -201.800000000000  0.000000000000 
 250.800000000000 -124.800000000000  0.000000000000 
 282.900000000000 -33.140000000000  0.000000000000 
 277.700000000000  57.720000000000  0.000000000000 
 248.200000000000  146.300000000000  0.000000000000 
 182.200000000000  218.400000000000  0.000000000000 
 100.100000000000  261.400000000000  0.000000000000 
 9.874000000000   284.200000000000  0.000000000000 
-86.470000000000  276.700000000000  0.000000000000 
-162.800000000000  236.600000000000  0.000000000000 
-237.100000000000  165.900000000000  0.000000000000 
-280.000000000000  79.690000000000  0.000000000000 
-283.600000000000 -14.150000000000  0.000000000000 
-268.000000000000 -105.400000000000  0.000000000000 
-212.600000000000 -184.200000000000  0.000000000000 
-142.600000000000 -240.500000000000  0.000000000000 
-59.060000000000 -275.300000000000  0.000000000000 
 35.320000000000 -290.400000000000  0.000000000000 
 126.600000000000 -259.200000000000  0.000000000000 
 108.700000000000  405.700000000000  0.000000000000 
-142.700000000000  532.400000000000  0.000000000000 
-511.600000000000  511.600000000000  0.000000000000 
-917.200000000000  245.800000000000  0.000000000000 
-1204.000000000000 -322.500000000000  0.000000000000 
-1157.000000000000 -1157.000000000000  0.000000000000 
-555.600000000000 -2074.000000000000  0.000000000000 
 729.200000000000 -2722.000000000000  0.000000000000 
 2615.000000000000 -2615.000000000000  0.000000000000 
 4688.000000000000 -1256.000000000000  0.000000000000 
 6153.000000000000  1649.000000000000  0.000000000000 
 297.000000000000 -297.000000000000  0.000000000000 
 532.400000000000 -142.700000000000  0.000000000000 
 698.800000000000  187.200000000000  0.000000000000 
 671.400000000000  671.400000000000  0.000000000000 
 322.500000000000  1204.000000000000  0.000000000000 
-423.300000000000  1580.000000000000  0.000000000000 
-1518.000000000000  1518.000000000000  0.000000000000 
-2722.000000000000  729.200000000000  0.000000000000 
-3572.000000000000 -957.100000000000  0.000000000000 
-3432.000000000000 -3432.000000000000  0.000000000000 
-1649.000000000000 -6153.000000000000  0.000000000000 
-405.700000000000 -108.700000000000  0.000000000000 
-389.800000000000 -389.800000000000  0.000000000000 
-187.200000000000 -698.800000000000  0.000000000000 
 245.800000000000 -917.200000000000  0.000000000000 
 881.200000000000 -881.200000000000  0.000000000000 
 1580.000000000000 -423.300000000000  0.000000000000 
 2074.000000000000  555.600000000000  0.000000000000 
 1992.000000000000  1992.000000000000  0.000000000000 
 957.100000000000  3572.000000000000  0.000000000000 
-1256.000000000000  4688.000000000000  0.000000000000 
-4504.000000000000  4504.000000000000  0.000000000000 
 6993.446150000000 -4051.066124000000 -5.123974400000 
 9897.748356000000 -3729.029644000000 -8.769746328000 
 10163.050260000000 -9064.350165000000 -14.562540260000
 17421.254410000001 -651.204315600000 -23.809436840000
 22646.945059999998  2884.196850000000 -40.834357660000
 25003.073199999999  14131.904140000001 -64.704022040000
 33487.440260000003  14859.850860000000 -105.243311800000
-7042.781750000000 -4263.175272000000 -5.317117627000 
-9697.610132000000 -8233.484519000000 -12.706433350000
-14215.208049999999 -4490.104175000000 -17.418068780000
-10899.091600000000 -13813.368189999999 -24.333939330000
-9128.812080000000 -20792.870269999999 -40.579479590000
-2923.159500000000 -26481.353149999999 -55.900273580000
-3932.749944000000 -33539.466580000000 -89.807557320000
-178.635669000000  8214.135070000000 -5.316602965000 
 4043.625102000000  11423.221589999999 -11.558351200000
-3933.904712000000  12407.116120000001 -13.336443320000
-8401.387005000000  15529.930070000000 -24.524846980000
-13863.238210000000  18091.112550000002 -40.833599430000
-21812.561060000000  13284.524649999999 -51.172819410000
-31057.941050000001  24748.242689999999 -123.806749400000
 116.764448200000 -26.824722080000  0.000000000000 
